2023.06.25 3:59:8,660;-86;-6;-46
2023.06.25 3:59:8,910;-84;-8;-56
2023.06.25 3:59:9,160;-88;-3;-54
2023.06.25 3:59:9,410;-88;-4;-57
2023.06.25 3:59:9,660;-81;-6;-54
2023.06.25 3:59:9,910;-91;-9;-49
2023.06.25 3:59:10,170;-52;4;-92
2023.06.25 3:59:10,420;-96;-3;-49
2023.06.25 3:59:10,670;-78;-12;-60
2023.06.25 3:59:10,920;-94;-9;-52
2023.06.25 3:59:11,170;-80;-3;-52
2023.06.25 3:59:11,420;-84;-8;-49
2023.06.25 3:59:11,670;-83;-4;-49
2023.06.25 3:59:11,920;-78;-3;-52
2023.06.25 3:59:12,170;-91;-9;-46
2023.06.25 3:59:12,420;-78;-4;-62
2023.06.25 3:59:12,670;-88;-4;-44
2023.06.25 3:59:12,920;-86;-8;-52
2023.06.25 3:59:13,170;-86;-4;-49
2023.06.25 3:59:13,420;-86;-4;-51
2023.06.25 3:59:13,680;-86;-4;-48
2023.06.25 3:59:13,930;-86;-9;-48
2023.06.25 3:59:14,180;-86;-9;-49
2023.06.25 3:59:14,430;-83;-8;-48
2023.06.25 3:59:14,680;-86;-6;-51
2023.06.25 3:59:14,930;-86;-8;-51
2023.06.25 3:59:15,180;-86;-6;-52
2023.06.25 3:59:15,430;-84;-8;-48
2023.06.25 3:59:15,680;-83;-8;-48
2023.06.25 3:59:15,930;-83;-8;-49
2023.06.25 3:59:16,180;-86;-9;-46
2023.06.25 3:59:16,430;-83;-11;-52
2023.06.25 3:59:16,680;-84;-9;-51
2023.06.25 3:59:16,930;-86;-6;-51
2023.06.25 3:59:17,180;-84;-11;-48
2023.06.25 3:59:17,430;-84;-12;-48
2023.06.25 3:59:17,680;-88;-9;-49
2023.06.25 4:0:5,360;-83;-12;-49
2023.06.25 4:0:5,610;-86;-11;-49
2023.06.25 4:0:5,860;-84;-8;-52
2023.06.25 4:0:6,110;-84;-11;-49
2023.06.25 4:0:6,370;-84;-12;-49
2023.06.25 4:0:6,620;-83;-12;-49
2023.06.25 4:0:6,870;-84;-12;-48
2023.06.25 4:0:7,120;-83;-12;-49
2023.06.25 4:0:7,370;-83;-14;-51
2023.06.25 4:0:7,620;-84;-11;-51
2023.06.25 4:0:7,870;-83;-9;-49
2023.06.25 4:0:8,120;-83;-11;-49
2023.06.25 4:0:8,370;-84;-12;-49
2023.06.25 4:0:8,620;-84;-14;-48
2023.06.25 4:0:8,870;-84;-12;-49
2023.06.25 4:0:9,120;-84;-11;-49
2023.06.25 4:0:9,370;-84;-12;-52
2023.06.25 4:0:9,620;-83;-11;-49
2023.06.25 4:0:9,880;-86;-12;-48
2023.06.25 4:0:10,130;-84;-14;-49
2023.06.25 4:0:10,380;-84;-16;-48
2023.06.25 4:0:10,630;-84;-12;-48
2023.06.25 4:0:10,880;-84;-12;-48
2023.06.25 4:0:11,130;-84;-12;-51
2023.06.25 4:0:11,380;-83;-12;-49
2023.06.25 4:0:11,630;-86;-11;-49
2023.06.25 4:0:11,880;-84;-11;-49
2023.06.25 4:0:12,130;-83;-14;-49
2023.06.25 4:0:12,380;-84;-14;-48
2023.06.25 4:0:12,630;-83;-14;-49
2023.06.25 4:0:12,880;-84;-14;-51
2023.06.25 4:0:13,130;-89;-6;-48
2023.06.25 4:0:13,380;-83;-16;-49
2023.06.25 4:0:13,630;-84;-12;-49
2023.06.25 4:0:13,880;-86;-12;-48
2023.06.25 4:0:14,130;-84;-12;-49
2023.06.25 4:0:14,380;-83;-14;-48
2023.06.25 4:0:14,630;-84;-14;-48
2023.06.25 4:0:14,880;-86;-14;-49
2023.06.25 4:0:15,130;-83;-14;-48
2023.06.25 4:0:15,380;-83;-14;-48
2023.06.25 4:0:15,630;-84;-14;-51
2023.06.25 4:0:15,880;-84;-12;-51
2023.06.25 4:0:16,130;-84;-14;-49
2023.06.25 4:0:16,380;-86;-14;-49
2023.06.25 4:0:16,630;-84;-14;-49
2023.06.25 4:0:16,880;-84;-14;-49
2023.06.25 4:0:17,130;-86;-12;-49
2023.06.25 4:0:17,380;-84;-11;-49
2023.06.25 4:0:17,630;-83;-14;-49
2023.06.25 4:0:17,880;-84;-16;-49
2023.06.25 4:0:18,130;-84;-14;-48
2023.06.25 4:0:18,380;-84;-16;-49
2023.06.25 4:0:18,630;-84;-14;-49
2023.06.25 4:0:18,880;-84;-12;-49
2023.06.25 4:0:19,130;-84;-14;-49
2023.06.25 4:0:19,380;-86;-14;-48
2023.06.25 4:0:19,630;-84;-14;-51
2023.06.25 4:0:19,880;-86;-14;-49
2023.06.25 4:0:20,130;-86;-14;-46
2023.06.25 4:0:20,380;-84;-12;-48
2023.06.25 4:0:20,630;-84;-12;-49
2023.06.25 4:0:20,880;-83;-14;-49
2023.06.25 4:0:21,130;-84;-14;-48
2023.06.25 4:0:21,380;-86;-12;-48
2023.06.25 4:0:21,630;-84;-12;-48
2023.06.25 4:0:21,880;-84;-12;-49
2023.06.25 4:0:22,130;-84;-12;-49
2023.06.25 4:0:22,380;-83;-14;-48
2023.06.25 4:0:22,630;-84;-16;-49
2023.06.25 4:0:22,880;-84;-16;-49
2023.06.25 4:0:23,130;-84;-14;-48
2023.06.25 4:0:23,380;-86;-14;-49
2023.06.25 4:0:23,630;-84;-12;-48
2023.06.25 4:0:23,880;-84;-14;-51
2023.06.25 4:0:24,130;-84;-14;-49
2023.06.25 4:0:24,380;-84;-12;-49
2023.06.25 4:0:24,630;-83;-16;-48
2023.06.25 4:0:24,880;-84;-14;-48
2023.06.25 4:0:25,130;-84;-14;-49
2023.06.25 4:0:25,380;-83;-14;-46
2023.06.25 4:0:25,630;-84;-14;-48
2023.06.25 4:0:25,880;-84;-12;-48
2023.06.25 4:0:26,130;-83;-16;-46
2023.06.25 4:0:26,380;-84;-16;-49
2023.06.25 4:0:26,630;-84;-12;-48
2023.06.25 4:0:26,880;-84;-12;-48
2023.06.25 4:0:27,130;-84;-12;-49
2023.06.25 4:0:27,460;-84;-14;-48
2023.06.25 4:0:27,710;-84;-11;-49
2023.06.25 4:0:27,960;-84;-11;-49
2023.06.25 4:0:28,210;-84;-14;-48
2023.06.25 4:0:28,470;-84;-14;-48
2023.06.25 4:0:28,720;-84;-12;-49
2023.06.25 4:0:28,970;-86;-12;-46
2023.06.25 4:0:29,220;-84;-12;-49
2023.06.25 4:0:29,470;-84;-12;-48
2023.06.25 4:0:29,720;-84;-12;-49
2023.06.25 4:0:29,970;-83;-14;-49
2023.06.25 4:0:30,220;-84;-14;-48
2023.06.25 4:0:30,470;-84;-14;-51
2023.06.25 4:0:30,720;-84;-11;-49
2023.06.25 4:0:30,970;-84;-14;-49
2023.06.25 4:0:31,220;-84;-14;-49
2023.06.25 4:0:31,470;-84;-16;-49
2023.06.25 4:0:31,720;-84;-16;-48
2023.06.25 4:0:31,970;-84;-16;-49
2023.06.25 4:0:32,220;-83;-14;-51
2023.06.25 4:0:32,470;-84;-14;-49
2023.06.25 4:0:32,720;-84;-16;-49
2023.06.25 4:0:32,970;-86;-16;-51
2023.06.25 4:0:33,220;-84;-16;-46
2023.06.25 4:0:33,470;-84;-17;-48
2023.06.25 4:0:33,720;-84;-16;-49
2023.06.25 4:0:33,970;-84;-14;-51
2023.06.25 4:0:34,220;-84;-12;-49
2023.06.25 4:0:34,480;-84;-14;-48
2023.06.25 4:0:34,730;-83;-16;-49
2023.06.25 4:0:34,980;-86;-16;-49
2023.06.25 4:0:35,230;-83;-16;-49
2023.06.25 4:0:35,480;-84;-16;-48
2023.06.25 4:0:35,730;-84;-14;-49
2023.06.25 4:0:35,980;-83;-14;-49
2023.06.25 4:0:36,230;-86;-12;-51
2023.06.25 4:0:36,480;-83;-19;-49
2023.06.25 4:0:36,730;-86;-14;-49
2023.06.25 4:0:36,980;-84;-16;-48
2023.06.25 4:0:37,230;-86;-16;-48
2023.06.25 4:0:37,480;-84;-14;-49
2023.06.25 4:0:37,730;-86;-16;-49
2023.06.25 4:0:37,980;-83;-14;-49
2023.06.25 4:0:38,230;-84;-17;-48
2023.06.25 4:0:38,480;-84;-14;-48
2023.06.25 4:0:38,730;-83;-16;-48
2023.06.25 4:0:38,980;-84;-17;-49
2023.06.25 4:0:39,230;-83;-16;-49
2023.06.25 4:0:39,480;-83;-12;-52
2023.06.25 4:0:39,730;-84;-14;-49
2023.06.25 4:0:39,980;-84;-16;-49
2023.06.25 4:0:40,230;-84;-16;-49
2023.06.25 4:0:40,480;-83;-16;-49
2023.06.25 4:0:40,730;-83;-16;-51
2023.06.25 4:0:40,980;-84;-16;-49
2023.06.25 4:0:41,230;-86;-17;-48
2023.06.25 4:0:41,480;-84;-16;-48
2023.06.25 4:0:41,730;-84;-16;-49
2023.06.25 4:0:41,980;-84;-16;-49
2023.06.25 4:0:42,230;-84;-12;-49
2023.06.25 4:1:38,190;-84;-19;-48
2023.06.25 4:1:38,440;-84;-17;-48
2023.06.25 4:1:38,690;-84;-17;-49
2023.06.25 4:1:38,940;-84;-16;-49
2023.06.25 4:1:39,190;-84;-17;-49
2023.06.25 4:1:39,440;-83;-16;-49
2023.06.25 4:1:39,690;-86;-16;-49
2023.06.25 4:1:39,940;-84;-17;-48
2023.06.25 4:1:40,190;-81;-19;-49
2023.06.25 4:1:40,440;-84;-19;-49
2023.06.25 4:1:40,690;-84;-19;-49
2023.06.25 4:1:40,940;-84;-16;-46
2023.06.25 4:1:41,190;-83;-17;-49
2023.06.25 4:1:41,440;-84;-17;-46
2023.06.25 4:1:41,690;-83;-16;-48
2023.06.25 4:1:41,940;-84;-19;-48
2023.06.25 4:1:42,190;-84;-17;-48
2023.06.25 4:1:42,440;-86;-16;-49
2023.06.25 4:1:42,690;-84;-16;-48
2023.06.25 4:1:42,950;-83;-17;-49
2023.06.25 4:1:43,200;-84;-14;-49
2023.06.25 4:1:43,450;-83;-17;-49
2023.06.25 4:1:43,700;-84;-19;-48
2023.06.25 4:1:43,950;-86;-17;-49
2023.06.25 4:1:44,200;-84;-19;-48
2023.06.25 4:1:44,450;-83;-17;-48
2023.06.25 4:1:44,700;-86;-16;-48
2023.06.25 4:1:44,950;-84;-17;-48
2023.06.25 4:1:45,200;-83;-16;-49
2023.06.25 4:1:45,450;-83;-17;-48
2023.06.25 4:1:45,700;-84;-17;-48
2023.06.25 4:1:45,950;-83;-17;-49
2023.06.25 4:1:46,200;-86;-17;-46
2023.06.25 4:1:46,450;-83;-16;-48
2023.06.25 4:1:46,700;-84;-17;-49
2023.06.25 4:1:46,950;-83;-17;-48
2023.06.25 4:1:47,200;-83;-17;-49
2023.06.25 4:1:47,450;-86;-16;-48
2023.06.25 4:1:47,700;-83;-17;-48
2023.06.25 4:1:47,950;-83;-17;-49
2023.06.25 4:1:48,200;-84;-16;-48
2023.06.25 4:1:48,450;-84;-17;-46
2023.06.25 4:1:48,700;-84;-19;-48
2023.06.25 4:1:48,950;-84;-16;-49
2023.06.25 4:1:49,200;-83;-14;-48
2023.06.25 4:1:49,450;-84;-17;-49
2023.06.25 4:1:49,700;-83;-17;-49
2023.06.25 4:1:49,950;-84;-19;-51
2023.06.25 4:1:50,200;-84;-19;-48
2023.06.25 4:1:50,450;-84;-19;-49
2023.06.25 4:1:50,780;-84;-16;-48
2023.06.25 4:1:51,30;-84;-17;-49
2023.06.25 4:1:51,280;-83;-17;-49
2023.06.25 4:1:51,530;-84;-17;-48
2023.06.25 4:1:51,780;-84;-17;-46
2023.06.25 4:1:52,30;-83;-17;-48
2023.06.25 4:1:52,280;-83;-17;-49
2023.06.25 4:1:52,530;-86;-17;-48
2023.06.25 4:1:52,780;-84;-16;-49
2023.06.25 4:1:53,30;-84;-17;-49
2023.06.25 4:1:53,280;-83;-17;-48
2023.06.25 4:1:53,530;-84;-17;-48
2023.06.25 4:1:53,780;-84;-17;-48
2023.06.25 4:1:54,30;-84;-17;-48
2023.06.25 4:1:54,280;-83;-17;-44
2023.06.25 4:1:54,530;-84;-16;-48
2023.06.25 4:1:54,780;-83;-17;-49
2023.06.25 4:1:55,30;-83;-16;-48
2023.06.25 4:1:55,280;-84;-16;-48
2023.06.25 4:1:55,530;-86;-16;-48
2023.06.25 4:1:55,780;-84;-17;-46
2023.06.25 4:1:56,30;-86;-17;-48
2023.06.25 4:1:56,280;-84;-16;-48
2023.06.25 4:1:56,530;-81;-17;-49
2023.06.25 4:3:11,20;-86;-16;-44
2023.06.25 4:3:11,270;-88;-16;-44
2023.06.25 4:3:11,520;-88;-12;-43
2023.06.25 4:3:11,770;-88;-12;-46
2023.06.25 4:3:12,20;-86;-14;-46
2023.06.25 4:3:12,270;-88;-11;-46
2023.06.25 4:3:12,520;-86;-16;-46
2023.06.25 4:3:12,770;-88;-14;-43
2023.06.25 4:3:13,20;-88;-16;-43
2023.06.25 4:3:13,270;-86;-12;-44
2023.06.25 4:3:13,520;-86;-14;-46
2023.06.25 4:3:13,770;-86;-14;-48
2023.06.25 4:3:14,20;-86;-12;-46
2023.06.25 4:3:14,270;-88;-17;-44
2023.06.25 4:3:14,520;-88;-16;-44
2023.06.25 4:3:14,770;-86;-16;-44
2023.06.25 4:3:15,100;-86;-14;-44
2023.06.25 4:3:15,350;-86;-14;-44
2023.06.25 4:3:15,600;-86;-14;-44
2023.06.25 4:3:15,850;-86;-16;-46
2023.06.25 4:3:16,100;-84;-12;-44
2023.06.25 4:3:16,350;-86;-19;-46
2023.06.25 4:3:16,600;-86;-14;-46
2023.06.25 4:3:16,850;-88;-14;-44
2023.06.25 4:3:17,100;-86;-14;-44
2023.06.25 4:3:17,350;-88;-16;-46
2023.06.25 4:3:17,600;-86;-16;-46
2023.06.25 4:3:17,850;-86;-14;-48
2023.06.25 4:3:18,100;-86;-17;-44
2023.06.25 4:3:18,350;-88;-17;-44
2023.06.25 4:3:18,600;-88;-16;-46
2023.06.25 4:3:18,850;-86;-12;-46
2023.06.25 4:3:19,100;-86;-16;-46
2023.06.25 4:3:19,350;-86;-16;-44
2023.06.25 4:3:19,600;-86;-16;-46
2023.06.25 4:3:19,850;-88;-16;-44
2023.06.25 4:3:20,100;-84;-14;-43
2023.06.25 4:3:29,620;-86;-16;-41
2023.06.25 4:3:29,870;-91;-16;-43
2023.06.25 4:3:30,120;-88;-17;-41
2023.06.25 4:3:30,370;-88;-16;-41
2023.06.25 4:3:30,620;-88;-17;-41
2023.06.25 4:3:30,870;-88;-16;-43
2023.06.25 4:3:31,120;-88;-17;-44
2023.06.25 4:3:31,370;-86;-16;-43
2023.06.25 4:3:31,620;-86;-16;-43
2023.06.25 4:3:31,870;-88;-16;-43
2023.06.25 4:3:32,120;-86;-17;-43
2023.06.25 4:3:32,370;-88;-16;-44
2023.06.25 4:3:32,620;-88;-14;-43
2023.06.25 4:3:32,870;-88;-16;-43
2023.06.25 4:3:33,120;-88;-17;-41
2023.06.25 4:3:33,370;-88;-17;-43
2023.06.25 4:3:33,620;-89;-17;-43
2023.06.25 4:3:33,870;-88;-16;-43
2023.06.25 4:3:34,120;-86;-16;-43
2023.06.25 4:3:34,370;-88;-14;-44
2023.06.25 4:3:34,620;-88;-14;-41
2023.06.25 4:3:34,870;-88;-17;-41
2023.06.25 4:3:35,120;-88;-17;-43
2023.06.25 4:3:35,370;-88;-16;-43
2023.06.25 4:3:35,620;-86;-14;-44
2023.06.25 4:3:35,870;-89;-14;-44
2023.06.25 4:3:36,120;-86;-16;-43
2023.06.25 4:3:36,370;-88;-17;-43
2023.06.25 4:3:36,620;-89;-14;-43
2023.06.25 4:3:36,870;-88;-14;-43
2023.06.25 4:3:37,120;-88;-16;-41
2023.06.25 4:3:37,370;-88;-16;-41
2023.06.25 4:3:37,620;-86;-14;-41
2023.06.25 4:3:37,870;-86;-19;-44
2023.06.25 4:3:38,120;-88;-17;-43
2023.06.25 4:3:38,370;-86;-14;-44
2023.06.25 4:3:38,620;-88;-16;-44
2023.06.25 4:3:48,210;-86;-17;-44
2023.06.25 4:3:48,460;-86;-16;-41
2023.06.25 4:3:48,710;-88;-17;-46
2023.06.25 4:3:48,960;-86;-17;-44
2023.06.25 4:3:49,230;-88;-19;-43
2023.06.25 4:3:49,480;-86;-14;-41
2023.06.25 4:3:49,730;-86;-16;-43
2023.06.25 4:3:49,980;-86;-16;-43
2023.06.25 4:3:50,230;-86;-17;-44
2023.06.25 4:3:50,480;-88;-17;-44
2023.06.25 4:3:50,730;-88;-17;-43
2023.06.25 4:3:50,980;-88;-17;-44
2023.06.25 4:3:51,230;-89;-20;-44
2023.06.25 4:3:51,480;-88;-17;-41
2023.06.25 4:3:51,730;-86;-16;-43
2023.06.25 4:3:51,980;-88;-16;-44
2023.06.25 4:3:52,230;-86;-16;-46
2023.06.25 4:3:52,480;-88;-16;-43
2023.06.25 4:3:52,730;-86;-17;-44
2023.06.25 4:3:52,980;-88;-17;-41
2023.06.25 4:3:53,230;-88;-19;-43
2023.06.25 4:3:53,480;-86;-17;-44
2023.06.25 4:3:53,730;-86;-14;-44
2023.06.25 4:3:53,980;-89;-14;-44
2023.06.25 4:3:54,230;-86;-14;-46
2023.06.25 4:3:54,480;-88;-16;-43
2023.06.25 4:3:54,730;-88;-17;-43
2023.06.25 4:3:54,980;-84;-19;-43
2023.06.25 4:3:55,230;-86;-17;-43
2023.06.25 4:3:55,480;-86;-12;-44
2023.06.25 4:3:55,730;-88;-16;-44
2023.06.25 4:3:55,980;-86;-16;-44
2023.06.25 4:3:56,230;-84;-17;-44
2023.06.25 4:3:56,480;-86;-17;-41
2023.06.25 4:3:56,730;-86;-16;-44
2023.06.25 4:3:56,980;-88;-17;-43
2023.06.25 4:3:57,230;-86;-16;-44
2023.06.25 4:4:34,590;-89;-17;-41
2023.06.25 4:4:34,840;-86;-17;-44
2023.06.25 4:4:35,90;-89;-17;-46
2023.06.25 4:4:35,340;-86;-17;-43
2023.06.25 4:4:35,590;-86;-19;-43
2023.06.25 4:4:35,840;-86;-19;-41
2023.06.25 4:4:36,90;-88;-19;-43
2023.06.25 4:4:36,340;-86;-19;-43
2023.06.25 4:4:36,590;-86;-17;-46
2023.06.25 4:4:36,840;-86;-17;-44
2023.06.25 4:4:37,90;-86;-16;-44
2023.06.25 4:4:37,340;-88;-16;-43
2023.06.25 4:4:37,590;-86;-20;-41
2023.06.25 4:4:37,840;-86;-19;-44
2023.06.25 4:4:38,90;-88;-17;-43
2023.06.25 4:4:38,420;-88;-17;-43
2023.06.25 4:4:38,670;-84;-16;-44
2023.06.25 4:4:38,920;-88;-17;-44
2023.06.25 4:4:39,170;-86;-17;-43
2023.06.25 4:4:39,420;-88;-17;-44
2023.06.25 4:4:39,670;-86;-19;-44
2023.06.25 4:4:39,920;-88;-17;-43
2023.06.25 4:4:40,170;-88;-17;-44
2023.06.25 4:4:40,420;-86;-16;-46
2023.06.25 4:4:40,670;-88;-17;-44
2023.06.25 4:4:40,920;-86;-17;-43
2023.06.25 4:4:41,170;-86;-19;-43
2023.06.25 4:4:41,420;-88;-19;-43
2023.06.25 4:4:41,670;-86;-16;-44
2023.06.25 4:4:41,920;-86;-17;-43
2023.06.25 4:4:42,170;-86;-14;-44
2023.06.25 4:4:42,420;-84;-16;-46
2023.06.25 4:4:42,670;-86;-20;-44
2023.06.25 4:4:42,920;-88;-19;-44
2023.06.25 4:4:43,170;-88;-19;-44
2023.06.25 4:4:43,420;-88;-17;-43
2023.06.25 4:4:43,670;-88;-16;-44
2023.06.25 4:6:7,490;-88;-16;-43
2023.06.25 4:6:7,740;-88;-12;-43
2023.06.25 4:6:7,990;-86;-14;-43
2023.06.25 4:6:8,240;-88;-16;-43
2023.06.25 4:6:8,490;-88;-14;-43
2023.06.25 4:6:8,750;-86;-14;-43
2023.06.25 4:6:9,0;-88;-14;-44
2023.06.25 4:6:9,250;-86;-16;-43
2023.06.25 4:6:9,500;-89;-12;-44
2023.06.25 4:6:9,750;-86;-12;-41
2023.06.25 4:6:10,0;-88;-14;-41
2023.06.25 4:6:10,250;-88;-17;-43
2023.06.25 4:6:10,500;-89;-16;-43
2023.06.25 4:6:10,750;-88;-14;-43
2023.06.25 4:6:11,0;-88;-12;-41
2023.06.25 4:6:11,250;-89;-16;-44
2023.06.25 4:6:11,500;-88;-14;-43
2023.06.25 4:6:11,750;-88;-14;-43
2023.06.25 4:6:12,0;-88;-16;-41
2023.06.25 4:6:12,260;-88;-14;-43
2023.06.25 4:6:12,510;-89;-14;-44
2023.06.25 4:6:12,760;-88;-12;-43
2023.06.25 4:6:13,10;-89;-14;-43
2023.06.25 4:6:13,260;-89;-17;-43
2023.06.25 4:6:13,510;-86;-14;-41
2023.06.25 4:6:13,760;-89;-14;-43
2023.06.25 4:6:14,10;-88;-16;-46
2023.06.25 4:6:14,260;-86;-12;-44
2023.06.25 4:6:14,510;-88;-12;-43
2023.06.25 4:6:14,760;-88;-11;-44
2023.06.25 4:6:15,10;-89;-14;-43
2023.06.25 4:6:15,260;-88;-14;-44
2023.06.25 4:6:15,510;-91;-11;-44
2023.06.25 4:6:15,760;-86;-11;-44
2023.06.25 4:6:16,10;-88;-14;-44
2023.06.25 4:6:16,260;-88;-11;-43
2023.06.25 4:6:16,510;-89;-11;-44
2023.06.25 4:6:53,860;-84;-40;-30
2023.06.25 4:6:54,110;-86;-43;-32
2023.06.25 4:6:54,360;-84;-43;-28
2023.06.25 4:6:54,610;-84;-41;-30
2023.06.25 4:6:54,860;-83;-41;-28
2023.06.25 4:6:55,110;-84;-40;-30
2023.06.25 4:6:55,360;-86;-38;-30
2023.06.25 4:6:55,610;-84;-40;-32
2023.06.25 4:6:55,860;-84;-41;-30
2023.06.25 4:6:56,110;-86;-43;-28
2023.06.25 4:6:56,360;-83;-43;-30
2023.06.25 4:6:56,620;-86;-41;-32
2023.06.25 4:6:56,870;-84;-40;-32
2023.06.25 4:6:57,120;-86;-40;-32
2023.06.25 4:6:57,370;-84;-41;-28
2023.06.25 4:6:57,620;-84;-41;-30
2023.06.25 4:6:57,950;-84;-41;-30
2023.06.25 4:6:58,200;-84;-40;-28
2023.06.25 4:6:58,450;-84;-43;-33
2023.06.25 4:6:58,700;-84;-40;-32
2023.06.25 4:6:58,950;-83;-43;-28
2023.06.25 4:6:59,200;-84;-40;-30
2023.06.25 4:6:59,450;-84;-40;-28
2023.06.25 4:6:59,700;-84;-41;-30
2023.06.25 4:6:59,950;-84;-40;-30
2023.06.25 4:7:0,200;-84;-41;-32
2023.06.25 4:7:0,450;-83;-43;-27
2023.06.25 4:7:0,700;-83;-41;-28
2023.06.25 4:7:0,950;-84;-40;-32
2023.06.25 4:7:1,200;-86;-40;-32
2023.06.25 4:7:1,450;-86;-38;-30
2023.06.25 4:7:1,700;-84;-41;-30
2023.06.25 4:7:1,950;-84;-43;-32
2023.06.25 4:7:2,200;-84;-40;-32
2023.06.25 4:7:2,450;-86;-40;-30
2023.06.25 4:7:2,700;-83;-43;-28
2023.06.25 4:7:2,950;-83;-41;-28
2023.06.25 4:7:3,200;-84;-41;-30
2023.06.25 4:7:3,450;-83;-41;-30
2023.06.25 4:7:3,700;-84;-41;-30
2023.06.25 4:7:3,960;-83;-43;-30
2023.06.25 4:7:4,210;-84;-41;-28
2023.06.25 4:7:4,460;-86;-40;-30
2023.06.25 4:7:4,710;-84;-43;-28
2023.06.25 4:7:4,960;-84;-40;-32
2023.06.25 4:7:5,210;-84;-40;-30
2023.06.25 4:7:5,460;-84;-40;-30
2023.06.25 4:7:5,710;-83;-40;-30
2023.06.25 4:7:5,960;-83;-41;-28
2023.06.25 4:7:6,210;-84;-41;-30
2023.06.25 4:7:6,460;-84;-40;-30
2023.06.25 4:7:6,710;-86;-43;-30
2023.06.25 4:7:6,960;-83;-41;-30
2023.06.25 4:7:7,210;-84;-41;-30
2023.06.25 4:7:7,470;-84;-41;-30
2023.06.25 4:7:7,720;-84;-40;-32
2023.06.25 4:7:7,970;-83;-41;-28
2023.06.25 4:7:8,220;-84;-40;-32
2023.06.25 4:7:8,470;-84;-41;-32
2023.06.25 4:7:8,720;-86;-41;-28
2023.06.25 4:7:8,970;-89;-41;-33
2023.06.25 4:7:9,220;-81;-41;-27
2023.06.25 4:7:9,470;-81;-40;-30
2023.06.25 4:7:9,720;-86;-40;-30
2023.06.25 4:7:9,970;-83;-41;-28
2023.06.25 4:7:10,220;-86;-41;-32
2023.06.25 4:7:10,470;-84;-43;-30
2023.06.25 4:7:10,720;-84;-38;-32
2023.06.25 4:7:10,970;-86;-43;-32
2023.06.25 4:7:11,220;-86;-40;-30
2023.06.25 4:7:11,470;-83;-40;-30
2023.06.25 4:7:11,720;-84;-40;-30
2023.06.25 4:7:11,970;-84;-41;-33
2023.06.25 4:7:12,220;-83;-41;-30
2023.06.25 4:7:12,470;-86;-41;-30
2023.06.25 4:7:12,720;-86;-40;-30
2023.06.25 4:7:12,970;-86;-40;-30
2023.06.25 4:7:13,220;-81;-46;-32
2023.06.25 4:7:13,470;-83;-43;-30
2023.06.25 4:7:13,720;-86;-40;-30
2023.06.25 4:7:13,970;-84;-43;-30
2023.06.25 4:7:14,220;-84;-40;-30
2023.06.25 4:7:14,470;-84;-40;-32
2023.06.25 4:7:14,720;-83;-43;-30
2023.06.25 4:7:14,970;-86;-41;-32
2023.06.25 4:7:15,220;-84;-40;-28
2023.06.25 4:7:15,470;-83;-40;-32
2023.06.25 4:7:15,720;-84;-41;-28
2023.06.25 4:7:15,970;-84;-44;-33
2023.06.25 4:7:16,220;-84;-38;-32
2023.06.25 4:7:16,470;-83;-44;-30
2023.06.25 4:7:16,720;-86;-40;-32
2023.06.25 4:7:16,970;-84;-38;-32
2023.06.25 4:7:17,220;-89;-40;-35
2023.06.25 4:7:17,470;-84;-40;-30
2023.06.25 4:7:17,720;-84;-40;-32
2023.06.25 4:7:17,970;-84;-41;-32
2023.06.25 4:7:18,220;-86;-40;-33
2023.06.25 4:7:18,470;-86;-41;-33
2023.06.25 4:7:18,720;-86;-40;-30
2023.06.25 4:7:18,970;-84;-43;-28
2023.06.25 4:7:19,220;-84;-40;-30
2023.06.25 4:7:19,470;-84;-40;-32
2023.06.25 4:7:19,720;-84;-40;-32
2023.06.25 4:7:19,970;-86;-40;-33
2023.06.25 4:7:20,220;-84;-41;-32
2023.06.25 4:7:20,470;-84;-41;-32
2023.06.25 4:7:20,720;-84;-41;-32
2023.06.25 4:7:20,970;-84;-40;-32
2023.06.25 4:7:21,220;-84;-40;-30
2023.06.25 4:7:21,470;-84;-38;-30
2023.06.25 4:8:8,180;-86;-41;-30
2023.06.25 4:8:8,430;-84;-43;-30
2023.06.25 4:8:8,680;-83;-41;-28
2023.06.25 4:8:8,930;-86;-40;-30
2023.06.25 4:8:9,180;-84;-38;-30
2023.06.25 4:8:9,430;-83;-43;-30
2023.06.25 4:8:9,680;-84;-41;-28
2023.06.25 4:8:9,930;-86;-40;-30
2023.06.25 4:8:10,180;-84;-43;-30
2023.06.25 4:8:10,430;-84;-41;-28
2023.06.25 4:8:10,680;-84;-40;-32
2023.06.25 4:8:10,930;-83;-36;-32
2023.06.25 4:8:11,180;-84;-43;-28
2023.06.25 4:8:11,430;-84;-40;-28
2023.06.25 4:8:11,680;-84;-41;-30
2023.06.25 4:8:11,930;-84;-40;-30
2023.06.25 4:8:12,180;-86;-43;-30
2023.06.25 4:8:12,430;-84;-40;-30
2023.06.25 4:8:12,680;-83;-43;-30
2023.06.25 4:8:12,930;-84;-41;-30
2023.06.25 4:8:13,180;-86;-40;-28
2023.06.25 4:8:13,430;-86;-44;-28
2023.06.25 4:8:13,680;-83;-41;-32
2023.06.25 4:8:13,930;-89;-43;-32
2023.06.25 4:8:14,180;-86;-40;-32
2023.06.25 4:8:14,430;-86;-40;-30
2023.06.25 4:8:14,680;-84;-40;-28
2023.06.25 4:8:14,930;-83;-36;-28
2023.06.25 4:8:15,180;-86;-38;-30
2023.06.25 4:8:15,430;-83;-40;-32
2023.06.25 4:8:15,680;-89;-40;-30
2023.06.25 4:8:15,930;-84;-41;-33
2023.06.25 4:8:16,180;-84;-36;-30
2023.06.25 4:8:16,430;-83;-41;-28
2023.06.25 4:8:16,680;-86;-38;-32
2023.06.25 4:8:16,930;-83;-38;-30
2023.06.25 4:8:17,180;-84;-40;-30
2023.06.25 4:8:26,770;-84;-38;-30
2023.06.25 4:8:27,20;-86;-38;-32
2023.06.25 4:8:27,270;-86;-41;-28
2023.06.25 4:8:27,520;-86;-40;-28
2023.06.25 4:8:27,770;-84;-41;-32
2023.06.25 4:8:28,20;-84;-40;-30
2023.06.25 4:8:28,280;-84;-40;-28
2023.06.25 4:8:28,530;-83;-41;-30
2023.06.25 4:8:28,780;-84;-40;-30
2023.06.25 4:8:29,30;-84;-41;-28
2023.06.25 4:8:29,280;-84;-41;-28
2023.06.25 4:8:29,530;-84;-41;-32
2023.06.25 4:8:29,780;-86;-41;-30
2023.06.25 4:8:30,30;-84;-40;-32
2023.06.25 4:8:30,280;-86;-40;-30
2023.06.25 4:8:30,530;-86;-43;-32
2023.06.25 4:8:30,780;-84;-40;-28
2023.06.25 4:8:31,30;-86;-40;-32
2023.06.25 4:8:31,280;-84;-40;-30
2023.06.25 4:8:31,530;-84;-40;-30
2023.06.25 4:8:31,780;-84;-41;-30
2023.06.25 4:8:32,30;-84;-38;-30
2023.06.25 4:8:32,280;-84;-41;-32
2023.06.25 4:8:32,530;-86;-40;-30
2023.06.25 4:8:32,780;-84;-41;-28
2023.06.25 4:8:33,30;-86;-38;-30
2023.06.25 4:8:33,280;-84;-43;-27
2023.06.25 4:8:33,530;-86;-36;-32
2023.06.25 4:8:33,780;-84;-41;-28
2023.06.25 4:8:34,30;-84;-40;-30
2023.06.25 4:8:34,280;-84;-41;-28
2023.06.25 4:8:34,530;-86;-38;-28
2023.06.25 4:8:34,780;-84;-43;-30
2023.06.25 4:8:35,30;-86;-38;-30
2023.06.25 4:8:35,280;-84;-41;-27
2023.06.25 4:8:35,530;-83;-38;-28
2023.06.25 4:8:35,780;-84;-40;-30
2023.06.25 4:8:36,30;-84;-40;-28
2023.06.25 4:8:36,280;-84;-43;-28
2023.06.25 4:8:36,530;-86;-41;-30
2023.06.25 4:8:36,780;-84;-43;-30
2023.06.25 4:8:37,30;-88;-36;-32
2023.06.25 4:8:37,280;-84;-41;-28
2023.06.25 4:8:37,530;-84;-40;-30
2023.06.25 4:8:37,780;-84;-41;-28
2023.06.25 4:8:38,30;-84;-40;-30
2023.06.25 4:8:38,280;-84;-36;-30
2023.06.25 4:8:38,530;-86;-38;-28
2023.06.25 4:8:38,780;-84;-41;-30
2023.06.25 4:8:39,30;-84;-38;-30
2023.06.25 4:8:39,280;-84;-41;-28
2023.06.25 4:8:39,530;-84;-40;-30
2023.06.25 4:8:39,780;-84;-40;-30
2023.06.25 4:8:40,30;-84;-41;-28
2023.06.25 4:8:40,280;-83;-44;-28
2023.06.25 4:8:40,540;-84;-40;-30
2023.06.25 4:8:40,790;-86;-40;-28
2023.06.25 4:8:41,40;-86;-40;-30
2023.06.25 4:8:41,290;-84;-41;-28
2023.06.25 4:8:41,540;-84;-41;-28
2023.06.25 4:8:41,790;-86;-40;-30
2023.06.25 4:8:42,40;-84;-43;-28
2023.06.25 4:8:42,290;-84;-41;-30
2023.06.25 4:8:42,540;-84;-38;-30
2023.06.25 4:8:42,790;-86;-38;-32
2023.06.25 4:8:43,40;-86;-41;-30
2023.06.25 4:8:43,290;-84;-41;-30
2023.06.25 4:8:43,540;-83;-41;-28
2023.06.25 4:8:43,790;-84;-40;-30
2023.06.25 4:8:44,40;-84;-41;-30
2023.06.25 4:8:44,290;-86;-40;-30
2023.06.25 4:8:44,540;-86;-40;-28
2023.06.25 4:8:44,790;-84;-41;-28
2023.06.25 4:8:45,40;-83;-40;-30
2023.06.25 4:9:3,890;-88;-36;-32
2023.06.25 4:9:4,140;-86;-41;-28
2023.06.25 4:9:4,390;-84;-40;-28
2023.06.25 4:9:4,640;-84;-41;-30
2023.06.25 4:9:4,890;-84;-41;-28
2023.06.25 4:9:5,140;-86;-41;-32
2023.06.25 4:9:5,390;-86;-40;-30
2023.06.25 4:9:5,640;-86;-38;-28
2023.06.25 4:9:5,890;-86;-41;-30
2023.06.25 4:9:6,140;-84;-40;-30
2023.06.25 4:9:6,390;-83;-40;-28
2023.06.25 4:9:6,640;-86;-40;-30
2023.06.25 4:9:6,890;-86;-41;-30
2023.06.25 4:9:7,140;-86;-40;-30
2023.06.25 4:9:7,390;-84;-41;-28
2023.06.25 4:9:7,640;-84;-41;-28
2023.06.25 4:9:7,890;-84;-40;-30
2023.06.25 4:9:8,140;-84;-41;-30
2023.06.25 4:9:8,390;-84;-40;-28
2023.06.25 4:9:8,640;-84;-40;-28
2023.06.25 4:9:8,890;-84;-40;-28
2023.06.25 4:9:9,140;-84;-41;-30
2023.06.25 4:9:9,390;-84;-38;-30
2023.06.25 4:9:9,640;-86;-40;-30
2023.06.25 4:9:9,890;-86;-36;-30
2023.06.25 4:9:10,140;-84;-40;-30
2023.06.25 4:9:10,390;-84;-43;-28
2023.06.25 4:9:10,640;-83;-40;-28
2023.06.25 4:9:10,890;-86;-40;-28
2023.06.25 4:9:11,140;-86;-40;-28
2023.06.25 4:9:11,390;-84;-40;-28
2023.06.25 4:9:11,640;-84;-41;-30
2023.06.25 4:9:11,890;-83;-40;-30
2023.06.25 4:9:12,140;-86;-38;-28
2023.06.25 4:9:12,390;-86;-38;-32
2023.06.25 4:9:12,640;-84;-40;-32
2023.06.25 4:9:12,890;-83;-40;-28
2023.06.25 4:9:13,140;-84;-41;-30
2023.06.25 4:9:13,390;-84;-40;-30
2023.06.25 4:9:13,640;-86;-41;-28
2023.06.25 4:9:13,890;-86;-40;-30
2023.06.25 4:9:14,140;-84;-41;-28
2023.06.25 4:9:14,390;-84;-40;-32
2023.06.25 4:9:14,640;-84;-40;-30
2023.06.25 4:9:14,890;-88;-40;-30
2023.06.25 4:9:15,140;-84;-41;-28
2023.06.25 4:9:15,390;-86;-40;-28
2023.06.25 4:9:15,640;-86;-41;-30
2023.06.25 4:9:15,890;-84;-38;-28
2023.06.25 4:9:16,140;-84;-41;-28
2023.06.25 4:9:16,470;-83;-40;-27
2023.06.25 4:9:16,720;-84;-41;-32
2023.06.25 4:9:16,970;-84;-41;-28
2023.06.25 4:9:17,220;-86;-40;-28
2023.06.25 4:9:17,480;-84;-44;-28
2023.06.25 4:9:17,730;-88;-40;-28
2023.06.25 4:9:17,980;-84;-40;-28
2023.06.25 4:9:18,230;-86;-36;-30
2023.06.25 4:9:18,480;-84;-40;-28
2023.06.25 4:9:18,730;-84;-41;-28
2023.06.25 4:9:18,980;-84;-43;-27
2023.06.25 4:9:19,230;-84;-38;-28
2023.06.25 4:9:19,480;-86;-43;-30
2023.06.25 4:9:19,730;-86;-38;-28
2023.06.25 4:9:19,980;-86;-41;-30
2023.06.25 4:9:20,230;-84;-40;-30
2023.06.25 4:9:20,480;-83;-36;-28
2023.06.25 4:9:20,730;-84;-41;-28
2023.06.25 4:9:20,980;-86;-40;-30
2023.06.25 4:9:21,230;-84;-41;-30
2023.06.25 4:9:21,480;-84;-36;-27
2023.06.25 4:9:21,730;-83;-41;-30
2023.06.25 4:9:21,980;-86;-41;-30
2023.06.25 4:9:22,230;-83;-44;-30
2023.06.25 4:9:22,480;-83;-40;-28
2023.06.25 4:9:22,730;-86;-38;-28
2023.06.25 4:9:22,980;-84;-43;-32
2023.06.25 4:9:23,230;-84;-40;-30
2023.06.25 4:9:23,490;-83;-41;-28
2023.06.25 4:9:23,740;-84;-38;-30
2023.06.25 4:9:23,990;-84;-40;-28
2023.06.25 4:9:24,240;-84;-40;-28
2023.06.25 4:9:24,490;-86;-41;-28
2023.06.25 4:9:24,740;-84;-41;-28
2023.06.25 4:9:24,990;-84;-40;-30
2023.06.25 4:9:25,240;-84;-41;-28
2023.06.25 4:9:25,490;-86;-40;-28
2023.06.25 4:9:25,740;-84;-38;-30
2023.06.25 4:9:25,990;-88;-38;-30
2023.06.25 4:9:26,240;-84;-41;-28
2023.06.25 4:9:26,490;-84;-40;-28
2023.06.25 4:9:26,740;-84;-41;-28
2023.06.25 4:9:26,990;-84;-40;-30
2023.06.25 4:9:27,240;-84;-40;-28
2023.06.25 4:9:27,490;-86;-40;-28
2023.06.25 4:9:27,740;-84;-41;-30
2023.06.25 4:9:27,990;-84;-40;-32
2023.06.25 4:9:28,240;-80;-44;-28
2023.06.25 4:9:28,490;-88;-36;-30
2023.06.25 4:9:28,740;-84;-40;-28
2023.06.25 4:9:28,990;-84;-40;-30
2023.06.25 4:9:29,240;-86;-41;-28
2023.06.25 4:9:29,490;-84;-40;-30
2023.06.25 4:9:29,740;-86;-41;-28
2023.06.25 4:9:29,990;-86;-41;-28
2023.06.25 4:9:30,240;-86;-40;-30
2023.06.25 4:9:30,490;-86;-41;-28
2023.06.25 4:9:30,740;-84;-40;-32
2023.06.25 4:9:30,990;-84;-41;-27
2023.06.25 4:9:31,240;-84;-38;-28
2023.06.25 4:9:31,490;-86;-41;-28
2023.06.25 4:9:31,740;-86;-40;-30
2023.06.25 4:9:31,990;-84;-43;-28
2023.06.25 4:9:32,240;-86;-40;-30
2023.06.25 4:9:32,490;-84;-40;-30
2023.06.25 4:9:32,740;-86;-38;-30
2023.06.25 4:9:32,990;-83;-41;-30
2023.06.25 4:9:33,240;-86;-41;-28
2023.06.25 4:9:33,490;-83;-41;-28
2023.06.25 4:9:33,740;-84;-41;-28
2023.06.25 4:9:33,990;-84;-41;-28
2023.06.25 4:9:34,240;-84;-40;-28
2023.06.25 4:9:34,490;-84;-40;-30
2023.06.25 4:9:34,740;-83;-41;-28
2023.06.25 4:9:34,990;-84;-40;-30
2023.06.25 4:9:35,240;-86;-40;-30
2023.06.25 4:9:35,490;-84;-38;-28
2023.06.25 4:9:35,740;-86;-40;-28
2023.06.25 4:9:35,990;-84;-41;-30
2023.06.25 4:9:36,240;-86;-40;-30
2023.06.25 4:9:36,490;-84;-40;-32
2023.06.25 4:9:36,750;-86;-40;-30
2023.06.25 4:9:37,0;-86;-38;-32
2023.06.25 4:9:37,250;-84;-40;-30
2023.06.25 4:9:37,500;-86;-38;-30
2023.06.25 4:9:37,750;-86;-41;-27
2023.06.25 4:9:38,0;-84;-43;-30
2023.06.25 4:9:38,250;-86;-38;-30
2023.06.25 4:9:38,500;-84;-40;-28
2023.06.25 4:9:38,750;-86;-38;-28
2023.06.25 4:9:39,0;-84;-41;-28
2023.06.25 4:9:39,250;-84;-40;-30
2023.06.25 4:9:39,500;-83;-41;-28
2023.06.25 4:9:39,750;-86;-38;-30
2023.06.25 4:9:40,0;-84;-41;-28
2023.06.25 4:9:40,250;-86;-40;-30
2023.06.25 4:9:40,500;-86;-41;-28
2023.06.25 4:9:40,750;-86;-40;-30
2023.06.25 4:9:41,0;-84;-41;-28
2023.06.25 4:9:41,250;-83;-40;-27
2023.06.25 4:9:41,500;-89;-36;-27
2023.06.25 4:9:41,750;-86;-40;-30
2023.06.25 4:9:42,0;-84;-40;-28
2023.06.25 4:9:42,250;-84;-41;-28
2023.06.25 4:9:42,500;-84;-40;-28
2023.06.25 4:9:42,750;-86;-36;-30
2023.06.25 4:9:43,0;-86;-36;-30
2023.06.25 4:9:43,250;-86;-40;-28
2023.06.25 4:9:43,500;-86;-38;-30
2023.06.25 4:9:43,750;-86;-40;-30
2023.06.25 4:9:44,0;-88;-40;-30
2023.06.25 4:9:44,250;-83;-43;-28
2023.06.25 4:9:44,580;-84;-43;-32
2023.06.25 4:9:44,830;-83;-41;-30
2023.06.25 4:9:45,80;-86;-40;-28
2023.06.25 4:9:45,330;-86;-40;-28
2023.06.25 4:9:45,580;-84;-40;-28
2023.06.25 4:9:45,830;-84;-40;-28
2023.06.25 4:9:46,80;-86;-41;-30
2023.06.25 4:9:46,330;-84;-40;-27
2023.06.25 4:9:46,580;-84;-40;-30
2023.06.25 4:9:46,830;-84;-40;-30
2023.06.25 4:9:47,80;-84;-40;-30
2023.06.25 4:9:47,330;-88;-38;-30
2023.06.25 4:9:47,580;-86;-41;-28
2023.06.25 4:9:47,830;-84;-41;-30
2023.06.25 4:9:48,80;-83;-41;-28
2023.06.25 4:9:48,330;-84;-38;-30
2023.06.25 4:9:48,580;-84;-40;-30
2023.06.25 4:9:48,830;-86;-40;-30
2023.06.25 4:9:49,80;-86;-41;-28
2023.06.25 4:9:49,330;-86;-40;-28
2023.06.25 4:9:49,580;-84;-41;-28
2023.06.25 4:9:49,830;-84;-41;-28
2023.06.25 4:9:50,80;-86;-38;-30
2023.06.25 4:10:8,850;-86;-38;-30
2023.06.25 4:10:9,100;-88;-38;-28
2023.06.25 4:10:9,350;-84;-40;-28
2023.06.25 4:10:9,600;-84;-43;-30
2023.06.25 4:10:9,850;-84;-43;-28
2023.06.25 4:10:10,100;-84;-40;-28
2023.06.25 4:10:10,350;-88;-36;-30
2023.06.25 4:10:10,600;-86;-36;-32
2023.06.25 4:10:10,850;-84;-41;-30
2023.06.25 4:10:11,100;-84;-38;-28
2023.06.25 4:10:11,350;-84;-41;-30
2023.06.25 4:10:11,600;-86;-40;-28
2023.06.25 4:10:11,850;-86;-41;-28
2023.06.25 4:10:12,100;-88;-40;-32
2023.06.25 4:10:12,350;-88;-44;-28
2023.06.25 4:10:12,690;-83;-43;-30
2023.06.25 4:10:12,940;-86;-40;-30
2023.06.25 4:10:13,190;-86;-40;-32
2023.06.25 4:10:13,440;-84;-40;-28
2023.06.25 4:10:13,690;-84;-41;-30
2023.06.25 4:10:13,940;-84;-41;-27
2023.06.25 4:10:14,190;-84;-40;-28
2023.06.25 4:10:14,440;-84;-41;-28
2023.06.25 4:10:14,690;-86;-40;-28
2023.06.25 4:10:14,940;-84;-43;-28
2023.06.25 4:10:15,190;-84;-40;-30
2023.06.25 4:10:15,440;-88;-38;-32
2023.06.25 4:10:15,690;-86;-38;-30
2023.06.25 4:10:15,940;-84;-41;-27
2023.06.25 4:10:16,190;-86;-40;-28
2023.06.25 4:10:16,440;-84;-40;-28
2023.06.25 4:10:16,690;-83;-43;-28
2023.06.25 4:10:16,940;-84;-41;-30
2023.06.25 4:10:17,190;-84;-40;-28
2023.06.25 4:10:17,440;-86;-38;-30
2023.06.25 4:10:17,690;-86;-41;-30
2023.06.25 4:10:17,940;-86;-41;-27
2023.06.25 4:10:18,190;-84;-40;-28
2023.06.25 4:10:18,440;-86;-41;-30
2023.06.25 4:10:18,690;-86;-41;-28
2023.06.25 4:10:18,940;-84;-40;-28
2023.06.25 4:10:19,190;-84;-40;-30
2023.06.25 4:10:19,440;-84;-40;-28
2023.06.25 4:10:19,700;-86;-40;-30
2023.06.25 4:10:19,950;-88;-38;-30
2023.06.25 4:10:20,200;-86;-41;-28
2023.06.25 4:10:20,450;-84;-40;-28
2023.06.25 4:10:20,700;-84;-41;-28
2023.06.25 4:10:20,950;-84;-41;-30
2023.06.25 4:10:21,200;-84;-43;-28
2023.06.25 4:10:21,450;-86;-40;-27
2023.06.25 4:10:21,700;-84;-35;-30
2023.06.25 4:10:21,950;-86;-38;-28
2023.06.25 4:10:22,200;-83;-43;-28
2023.06.25 4:10:22,450;-83;-43;-28
2023.06.25 4:10:22,700;-86;-40;-30
2023.06.25 4:10:22,950;-86;-41;-30
2023.06.25 4:10:23,210;-84;-43;-28
2023.06.25 4:10:23,460;-83;-43;-27
2023.06.25 4:10:23,710;-86;-40;-30
2023.06.25 4:10:23,960;-84;-40;-28
2023.06.25 4:10:24,210;-86;-40;-30
2023.06.25 4:10:24,460;-84;-41;-28
2023.06.25 4:10:24,710;-84;-41;-27
2023.06.25 4:10:24,960;-84;-41;-28
2023.06.25 4:10:25,210;-84;-40;-28
2023.06.25 4:10:25,460;-86;-43;-28
2023.06.25 4:10:25,710;-86;-40;-30
2023.06.25 4:10:25,960;-84;-43;-28
2023.06.25 4:10:26,210;-86;-43;-30
2023.06.25 4:10:26,460;-86;-40;-28
2023.06.25 4:10:26,710;-83;-41;-30
2023.06.25 4:10:26,960;-86;-40;-30
2023.06.25 4:10:27,210;-86;-41;-28
2023.06.25 4:10:27,460;-84;-40;-28
2023.06.25 4:10:27,710;-86;-43;-28
2023.06.25 4:10:27,960;-84;-43;-28
2023.06.25 4:10:28,210;-84;-41;-28
2023.06.25 4:10:28,460;-86;-40;-27
2023.06.25 4:10:28,710;-84;-38;-28
2023.06.25 4:10:28,960;-84;-41;-28
2023.06.25 4:10:29,210;-84;-41;-28
2023.06.25 4:10:29,460;-83;-43;-27
2023.06.25 4:10:29,710;-84;-38;-30
2023.06.25 4:10:29,960;-84;-41;-28
2023.06.25 4:10:30,210;-89;-38;-32
2023.06.25 4:10:30,460;-83;-41;-25
2023.06.25 4:10:30,710;-83;-46;-28
2023.06.25 4:10:30,960;-86;-38;-28
2023.06.25 4:10:31,210;-83;-41;-30
2023.06.25 4:10:31,460;-86;-41;-28
2023.06.25 4:10:31,710;-84;-41;-28
2023.06.25 4:10:31,960;-84;-36;-28
2023.06.25 4:10:32,210;-86;-41;-28
2023.06.25 4:10:32,460;-84;-40;-28
2023.06.25 4:10:32,710;-84;-44;-27
2023.06.25 4:10:32,960;-83;-43;-28
2023.06.25 4:10:33,210;-84;-40;-27
2023.06.25 4:10:33,460;-86;-41;-28
2023.06.25 4:10:33,710;-86;-38;-30
2023.06.25 4:10:33,960;-86;-41;-27
2023.06.25 4:10:34,210;-83;-43;-30
2023.06.25 4:10:34,460;-84;-43;-28
2023.06.25 4:10:34,710;-84;-41;-30
2023.06.25 4:10:34,960;-84;-40;-27
2023.06.25 4:10:35,210;-84;-40;-27
2023.06.25 4:10:35,460;-88;-41;-27
2023.06.25 4:10:35,710;-84;-40;-27
2023.06.25 4:10:35,960;-86;-44;-28
2023.06.25 4:10:36,210;-86;-41;-28
2023.06.25 4:10:36,460;-86;-40;-25
2023.06.25 4:10:36,710;-84;-43;-27
2023.06.25 4:10:36,960;-84;-40;-28
2023.06.25 4:10:37,210;-84;-41;-27
2023.06.25 4:10:37,460;-84;-41;-27
2023.06.25 4:10:37,710;-84;-41;-28
2023.06.25 4:10:37,960;-86;-43;-30
2023.06.25 4:10:38,210;-86;-41;-28
2023.06.25 4:10:38,460;-84;-41;-27
2023.06.25 4:10:38,710;-86;-40;-30
2023.06.25 4:10:38,960;-83;-43;-30
2023.06.25 4:10:39,210;-86;-43;-28
2023.06.25 4:10:39,460;-83;-40;-28
2023.06.25 4:10:39,710;-86;-40;-30
2023.06.25 4:10:39,960;-88;-41;-27
2023.06.25 4:10:40,210;-86;-40;-28
2023.06.25 4:10:40,460;-84;-41;-28
2023.06.25 4:10:40,790;-84;-40;-28
2023.06.25 4:10:41,40;-86;-41;-27
2023.06.25 4:10:41,290;-84;-43;-28
2023.06.25 4:10:41,540;-88;-41;-27
2023.06.25 4:10:41,790;-86;-41;-28
2023.06.25 4:10:42,40;-84;-41;-28
2023.06.25 4:10:42,290;-86;-43;-27
2023.06.25 4:10:42,540;-86;-38;-30
2023.06.25 4:10:42,790;-84;-41;-30
2023.06.25 4:10:43,40;-86;-38;-28
2023.06.25 4:10:43,290;-84;-36;-27
2023.06.25 4:10:43,540;-84;-43;-27
2023.06.25 4:10:43,790;-84;-40;-28
2023.06.25 4:10:44,40;-84;-41;-28
2023.06.25 4:10:44,290;-86;-48;-27
2023.06.25 4:10:44,540;-84;-40;-28
2023.06.25 4:10:44,790;-88;-38;-28
2023.06.25 4:10:45,40;-86;-41;-28
2023.06.25 4:10:45,290;-84;-41;-30
2023.06.25 4:10:45,540;-84;-43;-28
2023.06.25 4:10:45,790;-88;-40;-28
2023.06.25 4:10:55,310;-84;-41;-28
2023.06.25 4:10:55,560;-84;-40;-28
2023.06.25 4:10:55,810;-86;-40;-30
2023.06.25 4:10:56,60;-88;-40;-28
2023.06.25 4:10:56,310;-86;-43;-30
2023.06.25 4:10:56,560;-86;-40;-30
2023.06.25 4:10:56,810;-84;-41;-28
2023.06.25 4:10:57,60;-84;-43;-28
2023.06.25 4:10:57,310;-86;-41;-28
2023.06.25 4:10:57,560;-81;-40;-27
2023.06.25 4:10:57,810;-86;-40;-28
2023.06.25 4:10:58,60;-86;-41;-27
2023.06.25 4:10:58,310;-83;-44;-27
2023.06.25 4:10:58,560;-84;-43;-30
2023.06.25 4:10:58,810;-83;-41;-28
2023.06.25 4:10:59,60;-84;-40;-30
2023.06.25 4:10:59,310;-88;-38;-32
2023.06.25 4:10:59,560;-88;-44;-28
2023.06.25 4:10:59,810;-83;-44;-28
2023.06.25 4:11:0,60;-81;-48;-24
2023.06.25 4:11:0,310;-83;-49;-22
2023.06.25 4:11:0,560;-78;-43;-19
2023.06.25 4:11:0,810;-78;-52;-22
2023.06.25 4:11:1,60;-89;-49;-25
2023.06.25 4:11:1,310;-86;-52;-24
2023.06.25 4:11:1,560;-84;-57;-25
2023.06.25 4:11:1,810;-86;-52;-20
2023.06.25 4:11:2,60;-80;-54;-22
2023.06.25 4:11:2,310;-80;-49;-19
2023.06.25 4:11:2,560;-78;-54;-22
2023.06.25 4:11:2,810;-81;-43;-20
2023.06.25 4:11:3,60;-84;-46;-27
2023.06.25 4:11:3,310;-86;-38;-25
2023.06.25 4:11:3,560;-81;-46;-24
2023.06.25 4:11:3,810;-84;-38;-24
2023.06.25 4:11:4,60;-84;-46;-22
2023.06.25 4:11:4,310;-86;-51;-20
2023.06.25 4:11:32,420;-83;-32;-43
2023.06.25 4:11:32,670;-80;-30;-40
2023.06.25 4:11:32,920;-84;-32;-40
2023.06.25 4:11:33,170;-84;-33;-41
2023.06.25 4:11:33,420;-84;-35;-38
2023.06.25 4:11:33,670;-83;-33;-40
2023.06.25 4:11:33,920;-80;-36;-40
2023.06.25 4:11:34,170;-83;-35;-38
2023.06.25 4:11:34,420;-83;-36;-41
2023.06.25 4:11:34,670;-84;-35;-38
2023.06.25 4:11:34,920;-84;-33;-41
2023.06.25 4:11:35,170;-84;-32;-38
2023.06.25 4:11:35,420;-83;-35;-41
2023.06.25 4:11:35,670;-83;-35;-38
2023.06.25 4:11:36,0;-83;-36;-40
2023.06.25 4:11:36,250;-83;-38;-40
2023.06.25 4:11:36,500;-83;-38;-41
2023.06.25 4:11:36,750;-81;-38;-35
2023.06.25 4:11:37,0;-81;-48;-36
2023.06.25 4:11:37,250;-76;-51;-33
2023.06.25 4:11:37,500;-64;-64;-24
2023.06.25 4:11:37,750;-60;-67;-25
2023.06.25 4:11:38,0;-75;-67;-36
2023.06.25 4:11:38,250;-81;-57;-35
2023.06.25 4:11:38,500;-78;-57;-30
2023.06.25 4:11:38,750;-70;-57;-28
2023.06.25 4:11:39,0;-72;-54;-28
2023.06.25 4:11:39,250;-78;-56;-28
2023.06.25 4:11:39,500;-76;-56;-28
2023.06.25 4:11:39,750;-73;-59;-30
2023.06.25 4:11:40,0;-75;-56;-30
2023.06.25 4:11:40,250;-76;-57;-30
2023.06.25 4:11:40,500;-75;-59;-27
2023.06.25 4:11:40,750;-78;-54;-27
2023.06.25 4:11:41,0;-72;-56;-28
2023.06.25 4:11:41,250;-73;-56;-27
2023.06.25 4:11:41,500;-68;-59;-27
2023.06.25 4:11:41,750;-78;-54;-28
2023.06.25 4:11:42,0;-80;-54;-30
2023.06.25 4:11:42,250;-76;-54;-32
2023.06.25 4:11:42,500;-76;-56;-28
2023.06.25 4:11:42,750;-73;-56;-30
2023.06.25 4:11:43,20;-75;-54;-32
2023.06.25 4:11:43,270;-76;-59;-28
2023.06.25 4:11:43,520;-76;-56;-30
2023.06.25 4:11:43,770;-75;-56;-28
2023.06.25 4:11:44,20;-75;-54;-28
2023.06.25 4:11:44,270;-76;-54;-28
2023.06.25 4:11:44,520;-76;-54;-30
2023.06.25 4:11:44,770;-75;-56;-28
2023.06.25 4:11:45,20;-76;-54;-30
2023.06.25 4:11:45,270;-75;-56;-32
2023.06.25 4:11:45,520;-76;-56;-32
2023.06.25 4:11:45,770;-75;-54;-32
2023.06.25 4:11:46,20;-76;-56;-32
2023.06.25 4:11:46,270;-76;-56;-32
2023.06.25 4:11:46,520;-75;-56;-32
2023.06.25 4:11:46,770;-73;-56;-30
2023.06.25 4:11:47,20;-75;-56;-30
2023.06.25 4:11:47,270;-76;-56;-30
2023.06.25 4:11:47,520;-76;-54;-30
2023.06.25 4:11:47,770;-75;-54;-32
2023.06.25 4:11:48,20;-75;-54;-30
2023.06.25 4:11:48,270;-75;-54;-32
2023.06.25 4:11:48,520;-76;-56;-32
2023.06.25 4:11:48,770;-76;-56;-32
2023.06.25 4:11:49,20;-75;-57;-32
2023.06.25 4:11:49,270;-76;-57;-32
2023.06.25 4:11:49,520;-73;-54;-32
2023.06.25 4:11:49,770;-76;-56;-32
2023.06.25 4:11:50,20;-76;-57;-30
2023.06.25 4:11:50,270;-76;-56;-28
2023.06.25 4:11:50,520;-75;-52;-32
2023.06.25 4:11:50,770;-75;-56;-30
2023.06.25 4:11:51,20;-75;-56;-30
2023.06.25 4:11:51,270;-76;-56;-32
2023.06.25 4:11:51,520;-76;-56;-30
2023.06.25 4:11:51,770;-75;-57;-30
2023.06.25 4:11:52,20;-75;-57;-30
2023.06.25 4:11:52,270;-76;-56;-32
2023.06.25 4:11:52,520;-76;-54;-32
2023.06.25 4:11:52,770;-75;-54;-32
2023.06.25 4:11:53,20;-75;-57;-32
2023.06.25 4:11:53,270;-76;-56;-30
2023.06.25 4:11:53,520;-75;-54;-32
2023.06.25 4:11:53,770;-73;-54;-32
2023.06.25 4:11:54,20;-75;-56;-32
2023.06.25 4:11:54,270;-76;-51;-33
2023.06.25 4:11:54,520;-80;-46;-38
2023.06.25 4:11:54,770;-80;-44;-43
2023.06.25 4:11:55,20;-78;-44;-41
2023.06.25 4:11:55,280;-78;-43;-46
2023.06.25 4:11:55,530;-75;-43;-46
2023.06.25 4:11:55,780;-76;-38;-46
2023.06.25 4:11:56,30;-78;-40;-46
2023.06.25 4:11:56,280;-80;-40;-46
2023.06.25 4:11:56,530;-78;-38;-48
2023.06.25 4:11:56,780;-78;-36;-46
2023.06.25 4:11:57,30;-78;-35;-46
2023.06.25 4:11:57,280;-84;-28;-43
2023.06.25 4:11:57,530;-76;-30;-44
2023.06.25 4:11:57,780;-78;-33;-43
2023.06.25 4:11:58,30;-84;-33;-43
2023.06.25 4:11:58,280;-81;-33;-44
2023.06.25 4:11:58,530;-81;-32;-43
2023.06.25 4:11:58,780;-81;-30;-43
2023.06.25 4:11:59,30;-83;-32;-43
2023.06.25 4:11:59,280;-81;-32;-41
2023.06.25 4:11:59,530;-81;-28;-44
2023.06.25 4:11:59,780;-84;-32;-44
2023.06.25 4:12:0,30;-84;-32;-41
2023.06.25 4:12:37,470;-81;-41;-35
2023.06.25 4:12:37,720;-83;-40;-36
2023.06.25 4:12:37,970;-84;-40;-35
2023.06.25 4:12:38,230;-81;-41;-38
2023.06.25 4:12:38,480;-83;-43;-36
2023.06.25 4:12:38,730;-83;-40;-36
2023.06.25 4:12:38,980;-83;-40;-36
2023.06.25 4:12:39,230;-81;-41;-35
2023.06.25 4:12:39,480;-81;-43;-36
2023.06.25 4:12:39,730;-83;-40;-36
2023.06.25 4:12:39,980;-83;-41;-36
2023.06.25 4:12:40,230;-80;-41;-35
2023.06.25 4:12:40,480;-81;-43;-36
2023.06.25 4:12:40,730;-81;-38;-36
2023.06.25 4:12:40,980;-83;-43;-38
2023.06.25 4:12:41,230;-81;-43;-36
2023.06.25 4:12:41,480;-83;-40;-38
2023.06.25 4:12:41,730;-81;-41;-36
2023.06.25 4:12:41,980;-81;-43;-38
2023.06.25 4:12:42,230;-80;-41;-36
2023.06.25 4:12:42,480;-83;-41;-35
2023.06.25 4:12:42,730;-83;-41;-35
2023.06.25 4:12:42,980;-81;-41;-35
2023.06.25 4:12:43,230;-80;-40;-36
2023.06.25 4:12:43,480;-81;-43;-36
2023.06.25 4:12:43,730;-81;-43;-38
2023.06.25 4:12:43,980;-81;-43;-36
2023.06.25 4:12:44,230;-81;-43;-36
2023.06.25 4:12:44,480;-81;-43;-38
2023.06.25 4:12:44,730;-81;-44;-35
2023.06.25 4:12:44,980;-81;-43;-36
2023.06.25 4:12:45,230;-81;-41;-36
2023.06.25 4:12:45,480;-81;-40;-35
2023.06.25 4:12:45,730;-80;-43;-36
2023.06.25 4:12:45,980;-80;-43;-36
2023.06.25 4:12:46,230;-81;-43;-36
2023.06.25 4:12:46,480;-81;-41;-40
2023.06.25 4:12:55,990;-81;-38;-40
2023.06.25 4:12:56,240;-83;-38;-36
2023.06.25 4:12:56,490;-83;-36;-36
2023.06.25 4:12:56,740;-81;-36;-36
2023.06.25 4:12:56,990;-83;-38;-38
2023.06.25 4:12:57,240;-83;-38;-38
2023.06.25 4:12:57,490;-84;-35;-41
2023.06.25 4:12:57,740;-81;-38;-40
2023.06.25 4:12:57,990;-80;-41;-40
2023.06.25 4:12:58,240;-81;-40;-38
2023.06.25 4:12:58,490;-81;-38;-36
2023.06.25 4:12:58,740;-83;-40;-38
2023.06.25 4:12:58,990;-81;-36;-40
2023.06.25 4:12:59,320;-83;-38;-41
2023.06.25 4:12:59,570;-86;-38;-36
2023.06.25 4:12:59,820;-81;-38;-38
2023.06.25 4:13:0,70;-81;-36;-36
2023.06.25 4:13:0,320;-83;-38;-38
2023.06.25 4:13:0,570;-81;-38;-38
2023.06.25 4:13:0,820;-81;-38;-36
2023.06.25 4:13:1,70;-83;-36;-40
2023.06.25 4:13:1,320;-83;-40;-40
2023.06.25 4:13:1,570;-83;-38;-38
2023.06.25 4:13:1,820;-83;-36;-36
2023.06.25 4:13:2,70;-83;-40;-35
2023.06.25 4:13:2,320;-81;-36;-38
2023.06.25 4:13:2,570;-86;-40;-40
2023.06.25 4:13:2,820;-81;-40;-36
2023.06.25 4:13:3,70;-81;-40;-38
2023.06.25 4:13:3,320;-81;-40;-40
2023.06.25 4:13:3,570;-83;-40;-40
2023.06.25 4:13:3,820;-81;-36;-36
2023.06.25 4:13:4,70;-80;-40;-38
2023.06.25 4:13:4,320;-84;-38;-38
2023.06.25 4:13:4,570;-83;-38;-36
2023.06.25 4:13:4,820;-83;-38;-36
2023.06.25 4:13:5,70;-83;-40;-40
2023.06.25 4:13:42,440;-81;-36;-38
2023.06.25 4:13:42,690;-81;-36;-40
2023.06.25 4:13:42,940;-83;-38;-36
2023.06.25 4:13:43,190;-81;-38;-36
2023.06.25 4:13:43,440;-81;-38;-38
2023.06.25 4:13:43,690;-83;-35;-36
2023.06.25 4:13:43,940;-83;-35;-36
2023.06.25 4:13:44,190;-84;-36;-36
2023.06.25 4:13:44,440;-83;-38;-38
2023.06.25 4:13:44,690;-83;-36;-38
2023.06.25 4:13:44,940;-81;-35;-40
2023.06.25 4:13:45,190;-84;-38;-38
2023.06.25 4:13:45,440;-83;-44;-32
2023.06.25 4:13:45,690;-84;-40;-33
2023.06.25 4:13:45,940;-84;-32;-38
2023.06.25 4:13:46,190;-84;-40;-35
2023.06.25 4:13:46,440;-83;-36;-40
2023.06.25 4:13:46,700;-84;-36;-36
2023.06.25 4:13:46,950;-83;-36;-36
2023.06.25 4:13:47,200;-83;-38;-36
2023.06.25 4:13:47,450;-84;-33;-38
2023.06.25 4:13:47,700;-83;-36;-35
2023.06.25 4:13:47,950;-83;-38;-35
2023.06.25 4:13:48,200;-84;-38;-33
2023.06.25 4:13:48,450;-83;-38;-35
2023.06.25 4:13:48,700;-84;-38;-36
2023.06.25 4:13:48,950;-83;-36;-36
2023.06.25 4:13:49,200;-84;-38;-36
2023.06.25 4:13:49,450;-84;-38;-36
2023.06.25 4:13:49,700;-83;-40;-35
2023.06.25 4:13:49,950;-83;-38;-36
2023.06.25 4:13:50,200;-83;-40;-35
2023.06.25 4:13:50,450;-84;-40;-35
2023.06.25 4:13:50,700;-84;-40;-35
2023.06.25 4:13:50,950;-83;-36;-33
2023.06.25 4:13:51,200;-84;-38;-36
2023.06.25 4:13:51,450;-84;-36;-36
2023.06.25 4:14:10,300;-83;-38;-38
2023.06.25 4:14:10,550;-83;-38;-36
2023.06.25 4:14:10,800;-84;-35;-36
2023.06.25 4:14:11,50;-84;-36;-38
2023.06.25 4:14:11,300;-83;-36;-38
2023.06.25 4:14:11,550;-81;-38;-38
2023.06.25 4:14:11,800;-83;-38;-40
2023.06.25 4:14:12,50;-83;-38;-36
2023.06.25 4:14:12,300;-83;-36;-36
2023.06.25 4:14:12,550;-83;-36;-38
2023.06.25 4:14:12,800;-84;-36;-38
2023.06.25 4:14:13,50;-83;-36;-36
2023.06.25 4:14:13,300;-83;-40;-36
2023.06.25 4:14:13,550;-81;-40;-38
2023.06.25 4:14:13,800;-83;-36;-38
2023.06.25 4:14:14,50;-86;-38;-38
2023.06.25 4:14:14,300;-83;-38;-36
2023.06.25 4:14:14,550;-81;-38;-36
2023.06.25 4:14:14,800;-83;-36;-36
2023.06.25 4:14:15,50;-84;-36;-38
2023.06.25 4:14:15,300;-84;-38;-35
2023.06.25 4:14:15,550;-81;-36;-38
2023.06.25 4:14:15,800;-83;-38;-36
2023.06.25 4:14:16,50;-84;-38;-38
2023.06.25 4:14:16,300;-83;-38;-38
2023.06.25 4:14:16,550;-84;-35;-38
2023.06.25 4:14:16,800;-84;-35;-38
2023.06.25 4:14:17,50;-83;-38;-33
2023.06.25 4:14:17,300;-83;-40;-35
2023.06.25 4:14:17,550;-83;-38;-35
2023.06.25 4:14:17,800;-83;-38;-38
2023.06.25 4:14:18,50;-83;-36;-38
2023.06.25 4:14:18,300;-83;-40;-35
2023.06.25 4:14:18,550;-83;-38;-36
2023.06.25 4:14:18,800;-83;-36;-38
2023.06.25 4:14:19,50;-83;-38;-38
2023.06.25 4:14:19,300;-81;-35;-38
2023.06.25 4:14:19,550;-84;-36;-35
2023.06.25 4:14:19,800;-83;-38;-38
2023.06.25 4:14:20,50;-83;-38;-38
2023.06.25 4:14:20,300;-83;-38;-40
2023.06.25 4:14:20,550;-83;-35;-35
2023.06.25 4:14:20,800;-84;-35;-36
2023.06.25 4:14:21,50;-84;-36;-36
2023.06.25 4:14:21,300;-83;-38;-38
2023.06.25 4:14:21,550;-84;-38;-35
2023.06.25 4:14:21,800;-84;-35;-38
2023.06.25 4:14:22,50;-84;-41;-36
2023.06.25 4:14:22,300;-83;-36;-38
2023.06.25 4:14:22,550;-83;-40;-38
2023.06.25 4:14:22,800;-83;-38;-35
2023.06.25 4:14:23,50;-83;-36;-36
2023.06.25 4:14:23,300;-83;-36;-38
2023.06.25 4:14:23,640;-83;-38;-36
2023.06.25 4:14:23,890;-81;-38;-38
2023.06.25 4:14:24,140;-86;-36;-38
2023.06.25 4:14:24,390;-84;-38;-36
2023.06.25 4:14:24,640;-83;-36;-35
2023.06.25 4:14:24,890;-81;-36;-36
2023.06.25 4:14:25,140;-83;-36;-36
2023.06.25 4:14:25,390;-83;-38;-38
2023.06.25 4:14:25,640;-83;-38;-38
2023.06.25 4:14:25,890;-84;-36;-38
2023.06.25 4:14:26,140;-83;-38;-35
2023.06.25 4:14:26,390;-83;-38;-38
2023.06.25 4:14:26,640;-84;-40;-36
2023.06.25 4:14:26,890;-83;-38;-36
2023.06.25 4:14:27,140;-86;-38;-38
2023.06.25 4:14:27,390;-81;-40;-38
2023.06.25 4:14:27,640;-81;-40;-38
2023.06.25 4:14:27,890;-84;-38;-36
2023.06.25 4:14:28,140;-83;-38;-36
2023.06.25 4:14:28,390;-84;-41;-36
2023.06.25 4:14:28,640;-83;-38;-36
2023.06.25 4:14:28,890;-81;-38;-38
2023.06.25 4:14:29,140;-81;-36;-36
2023.06.25 4:14:29,390;-81;-41;-36
2023.06.25 4:14:29,650;-83;-40;-36
2023.06.25 4:14:29,900;-81;-40;-36
2023.06.25 4:14:30,150;-81;-36;-35
2023.06.25 4:14:30,400;-83;-36;-36
2023.06.25 4:14:30,650;-84;-38;-36
2023.06.25 4:14:30,900;-83;-38;-38
2023.06.25 4:14:31,150;-81;-40;-35
2023.06.25 4:14:31,400;-80;-40;-36
2023.06.25 4:14:31,650;-83;-40;-38
2023.06.25 4:14:31,900;-81;-36;-36
2023.06.25 4:14:32,150;-83;-38;-36
2023.06.25 4:14:32,400;-81;-38;-38
2023.06.25 4:14:32,650;-83;-40;-38
2023.06.25 4:14:32,900;-83;-36;-36
2023.06.25 4:14:33,160;-84;-38;-35
2023.06.25 4:14:33,410;-81;-36;-35
2023.06.25 4:14:33,660;-83;-38;-35
2023.06.25 4:14:33,910;-83;-38;-36
2023.06.25 4:14:34,160;-81;-40;-36
2023.06.25 4:14:34,410;-83;-41;-32
2023.06.25 4:14:34,660;-84;-40;-33
2023.06.25 4:14:34,910;-81;-46;-33
2023.06.25 4:14:35,160;-84;-41;-33
2023.06.25 4:14:35,410;-83;-40;-35
2023.06.25 4:14:35,660;-83;-40;-35
2023.06.25 4:14:35,910;-83;-41;-35
2023.06.25 4:14:36,160;-83;-38;-35
2023.06.25 4:14:36,410;-83;-40;-33
2023.06.25 4:14:36,660;-83;-40;-35
2023.06.25 4:14:36,910;-84;-40;-35
2023.06.25 4:14:37,160;-81;-40;-33
2023.06.25 4:14:37,410;-84;-38;-36
2023.06.25 4:14:37,660;-84;-40;-35
2023.06.25 4:14:37,910;-83;-40;-35
2023.06.25 4:14:38,160;-84;-41;-33
2023.06.25 4:14:38,410;-83;-38;-35
2023.06.25 4:14:38,660;-84;-41;-35
2023.06.25 4:14:38,910;-84;-40;-35
2023.06.25 4:14:39,160;-83;-38;-36
2023.06.25 4:14:39,410;-81;-38;-35
2023.06.25 4:14:39,660;-83;-38;-35
2023.06.25 4:14:39,910;-83;-40;-33
2023.06.25 4:14:40,160;-83;-40;-35
2023.06.25 4:14:40,410;-84;-40;-33
2023.06.25 4:14:40,660;-83;-40;-35
2023.06.25 4:14:40,910;-83;-36;-38
2023.06.25 4:14:41,160;-81;-40;-36
2023.06.25 4:14:41,410;-81;-40;-36
2023.06.25 4:14:41,660;-83;-38;-36
2023.06.25 4:14:41,910;-84;-38;-38
2023.06.25 4:14:42,160;-84;-40;-35
2023.06.25 4:14:42,410;-81;-38;-35
2023.06.25 4:14:42,660;-84;-40;-38
2023.06.25 4:14:42,910;-81;-40;-35
2023.06.25 4:14:43,160;-84;-32;-33
2023.06.25 4:14:43,410;-80;-38;-33
2023.06.25 4:14:43,660;-80;-33;-35
2023.06.25 4:14:43,910;-83;-32;-44
2023.06.25 4:14:44,160;-86;-27;-46
2023.06.25 4:14:44,410;-88;-24;-44
2023.06.25 4:14:44,660;-86;-25;-44
2023.06.25 4:14:44,910;-86;-25;-46
2023.06.25 4:14:45,160;-84;-25;-44
2023.06.25 4:14:45,410;-84;-24;-46
2023.06.25 4:14:45,660;-83;-22;-46
2023.06.25 4:14:45,910;-84;-22;-46
2023.06.25 4:14:46,160;-83;-22;-46
2023.06.25 4:14:46,410;-84;-20;-48
2023.06.25 4:14:46,660;-83;-20;-48
2023.06.25 4:14:46,910;-86;-20;-48
2023.06.25 4:14:47,160;-83;-22;-46
2023.06.25 4:15:43,120;-86;-27;-41
2023.06.25 4:15:43,370;-84;-27;-38
2023.06.25 4:15:43,620;-86;-30;-40
2023.06.25 4:15:43,870;-86;-28;-41
2023.06.25 4:15:44,120;-84;-30;-43
2023.06.25 4:15:44,370;-84;-30;-41
2023.06.25 4:15:44,620;-84;-27;-41
2023.06.25 4:15:44,870;-86;-28;-41
2023.06.25 4:15:45,120;-84;-27;-41
2023.06.25 4:15:45,370;-86;-30;-41
2023.06.25 4:15:45,620;-84;-28;-41
2023.06.25 4:15:45,870;-86;-25;-43
2023.06.25 4:15:46,120;-83;-27;-41
2023.06.25 4:15:46,370;-84;-28;-41
2023.06.25 4:15:46,620;-84;-28;-40
2023.06.25 4:15:46,950;-84;-28;-40
2023.06.25 4:15:47,200;-86;-30;-41
2023.06.25 4:15:47,450;-84;-28;-40
2023.06.25 4:15:47,700;-86;-27;-40
2023.06.25 4:15:47,960;-84;-28;-41
2023.06.25 4:15:48,210;-83;-30;-40
2023.06.25 4:15:48,460;-84;-27;-43
2023.06.25 4:15:48,710;-84;-27;-40
2023.06.25 4:15:48,960;-84;-28;-40
2023.06.25 4:15:49,210;-84;-33;-40
2023.06.25 4:15:49,460;-83;-32;-41
2023.06.25 4:15:49,710;-86;-28;-41
2023.06.25 4:15:49,960;-84;-27;-41
2023.06.25 4:15:50,210;-84;-28;-40
2023.06.25 4:15:50,460;-86;-30;-43
2023.06.25 4:15:50,710;-83;-28;-41
2023.06.25 4:15:50,960;-84;-30;-43
2023.06.25 4:15:51,210;-84;-32;-41
2023.06.25 4:15:51,460;-86;-28;-41
2023.06.25 4:15:51,710;-86;-27;-38
2023.06.25 4:15:51,960;-83;-30;-38
2023.06.25 4:15:52,210;-86;-30;-41
2023.06.25 4:15:52,460;-84;-27;-43
2023.06.25 4:15:52,710;-88;-27;-40
2023.06.25 4:15:52,960;-84;-28;-43
2023.06.25 4:15:53,210;-84;-32;-41
2023.06.25 4:15:53,460;-84;-30;-41
2023.06.25 4:15:53,710;-84;-32;-43
2023.06.25 4:15:53,970;-84;-28;-41
2023.06.25 4:15:54,220;-84;-28;-40
2023.06.25 4:15:54,470;-86;-28;-38
2023.06.25 4:15:54,720;-84;-32;-41
2023.06.25 4:15:54,970;-86;-28;-40
2023.06.25 4:15:55,220;-86;-27;-40
2023.06.25 4:15:55,470;-83;-28;-40
2023.06.25 4:15:55,720;-84;-27;-41
2023.06.25 4:15:55,970;-83;-30;-40
2023.06.25 4:15:56,220;-84;-32;-43
2023.06.25 4:15:56,470;-86;-28;-41
2023.06.25 4:15:56,720;-84;-27;-43
2023.06.25 4:15:56,970;-83;-28;-38
2023.06.25 4:15:57,220;-86;-32;-40
2023.06.25 4:15:57,470;-84;-30;-40
2023.06.25 4:15:57,720;-84;-28;-40
2023.06.25 4:15:57,970;-83;-27;-41
2023.06.25 4:15:58,220;-84;-28;-41
2023.06.25 4:15:58,470;-86;-28;-43
2023.06.25 4:15:58,720;-84;-28;-41
2023.06.25 4:15:58,970;-86;-27;-41
2023.06.25 4:15:59,220;-86;-28;-43
2023.06.25 4:15:59,470;-84;-25;-44
2023.06.25 4:15:59,720;-83;-27;-40
2023.06.25 4:15:59,970;-86;-30;-41
2023.06.25 4:16:0,220;-86;-32;-41
2023.06.25 4:16:0,470;-84;-33;-43
2023.06.25 4:16:0,720;-86;-30;-40
2023.06.25 4:16:0,970;-84;-27;-41
2023.06.25 4:16:1,220;-86;-27;-38
2023.06.25 4:16:1,470;-84;-28;-43
2023.06.25 4:16:1,720;-83;-28;-41
2023.06.25 4:16:1,970;-84;-28;-41
2023.06.25 4:16:2,220;-86;-32;-41
2023.06.25 4:16:2,470;-84;-27;-41
2023.06.25 4:16:2,720;-84;-25;-40
2023.06.25 4:16:2,970;-84;-30;-40
2023.06.25 4:16:3,220;-84;-32;-41
2023.06.25 4:16:3,470;-84;-30;-41
2023.06.25 4:16:3,720;-84;-30;-43
2023.06.25 4:16:3,970;-84;-28;-43
2023.06.25 4:16:4,220;-84;-30;-40
2023.06.25 4:16:4,470;-84;-28;-40
2023.06.25 4:16:4,720;-86;-28;-36
2023.06.25 4:16:4,970;-84;-32;-41
2023.06.25 4:16:5,220;-83;-30;-41
2023.06.25 4:16:5,470;-84;-30;-41
2023.06.25 4:16:5,720;-84;-28;-41
2023.06.25 4:16:5,970;-84;-30;-41
2023.06.25 4:16:6,230;-84;-30;-36
2023.06.25 4:16:6,480;-84;-30;-40
2023.06.25 4:16:6,730;-84;-30;-41
2023.06.25 4:16:6,980;-86;-27;-41
2023.06.25 4:16:7,230;-86;-28;-41
2023.06.25 4:16:7,480;-84;-28;-41
2023.06.25 4:16:7,730;-86;-28;-40
2023.06.25 4:16:7,980;-83;-30;-43
2023.06.25 4:16:8,230;-84;-33;-41
2023.06.25 4:16:8,480;-84;-27;-40
2023.06.25 4:16:8,730;-84;-28;-38
2023.06.25 4:16:8,980;-84;-28;-38
2023.06.25 4:16:9,230;-84;-30;-41
2023.06.25 4:16:9,480;-84;-32;-41
2023.06.25 4:16:9,730;-86;-30;-41
2023.06.25 4:16:9,980;-84;-28;-43
2023.06.25 4:16:10,230;-86;-30;-41
2023.06.25 4:16:10,480;-86;-27;-40
2023.06.25 4:16:10,730;-86;-28;-40
2023.06.25 4:16:20,310;-84;-28;-40
2023.06.25 4:16:20,560;-83;-30;-40
2023.06.25 4:16:20,810;-84;-32;-40
2023.06.25 4:16:21,80;-84;-33;-41
2023.06.25 4:16:21,330;-84;-28;-41
2023.06.25 4:16:21,580;-83;-30;-40
2023.06.25 4:16:21,830;-83;-32;-40
2023.06.25 4:16:22,80;-84;-32;-38
2023.06.25 4:16:22,330;-83;-30;-40
2023.06.25 4:16:22,580;-86;-27;-44
2023.06.25 4:16:22,830;-84;-28;-41
2023.06.25 4:16:23,80;-83;-30;-40
2023.06.25 4:16:23,330;-83;-32;-40
2023.06.25 4:16:23,580;-84;-33;-43
2023.06.25 4:16:23,830;-91;-40;-36
2023.06.25 4:16:24,80;-81;-25;-46
2023.06.25 4:16:24,330;-84;-22;-48
2023.06.25 4:16:24,580;-84;-20;-48
2023.06.25 4:16:24,830;-84;-19;-49
2023.06.25 4:16:25,80;-84;-17;-49
2023.06.25 4:16:25,330;-83;-16;-52
2023.06.25 4:16:25,580;-84;-16;-48
2023.06.25 4:16:25,830;-84;-19;-49
2023.06.25 4:16:26,80;-84;-16;-48
2023.06.25 4:16:26,330;-84;-17;-48
2023.06.25 4:16:26,580;-83;-17;-48
2023.06.25 4:16:26,830;-84;-16;-48
2023.06.25 4:16:27,80;-84;-16;-46
2023.06.25 4:16:27,330;-84;-17;-49
2023.06.25 4:16:27,580;-84;-17;-46
2023.06.25 4:16:27,830;-84;-19;-48
2023.06.25 4:16:28,80;-86;-17;-44
2023.06.25 4:16:28,330;-88;-17;-44
2023.06.25 4:16:28,580;-83;-17;-43
2023.06.25 4:16:28,830;-89;-20;-44
2023.06.25 4:16:29,80;-86;-14;-44
2023.06.25 4:16:29,330;-88;-19;-46
2023.06.25 4:16:29,580;-83;-17;-44
2023.06.25 4:16:29,830;-86;-19;-44
2023.06.25 4:16:30,80;-84;-20;-44
2023.06.25 4:16:30,330;-88;-20;-44
2023.06.25 4:16:30,580;-88;-19;-43
2023.06.25 4:16:30,830;-88;-19;-41
2023.06.25 4:16:31,80;-86;-14;-44
2023.06.25 4:16:31,330;-83;-16;-44
2023.06.25 4:16:31,580;-88;-19;-46
2023.06.25 4:16:31,830;-86;-19;-43
2023.06.25 4:16:32,80;-88;-20;-43
2023.06.25 4:16:32,330;-86;-17;-43
2023.06.25 4:16:32,580;-86;-17;-46
2023.06.25 4:16:32,830;-86;-14;-43
2023.06.25 4:16:33,80;-88;-19;-44
2023.06.25 4:16:33,330;-86;-17;-44
2023.06.25 4:16:33,580;-88;-19;-43
2023.06.25 4:16:33,830;-86;-17;-44
2023.06.25 4:16:34,80;-88;-19;-43
2023.06.25 4:16:34,330;-88;-17;-44
2023.06.25 4:16:34,580;-88;-19;-43
2023.06.25 4:16:34,830;-88;-20;-43
2023.06.25 4:16:35,80;-86;-17;-43
2023.06.25 4:16:35,330;-88;-17;-44
2023.06.25 4:16:35,580;-86;-17;-44
2023.06.25 4:16:35,830;-88;-20;-43
2023.06.25 4:16:36,80;-86;-19;-44
2023.06.25 4:16:36,330;-84;-17;-43
2023.06.25 4:16:36,580;-86;-19;-44
2023.06.25 4:16:36,830;-84;-20;-44
2023.06.25 4:16:37,80;-89;-17;-46
2023.06.25 4:16:37,330;-86;-16;-44
2023.06.25 4:16:37,580;-88;-24;-41
2023.06.25 4:16:37,830;-88;-20;-43
2023.06.25 4:16:38,80;-88;-20;-43
2023.06.25 4:16:38,330;-89;-17;-40
2023.06.25 4:16:38,580;-86;-16;-46
2023.06.25 4:16:48,170;-88;-17;-43
2023.06.25 4:16:48,420;-86;-19;-43
2023.06.25 4:16:48,670;-86;-20;-43
2023.06.25 4:16:48,920;-88;-22;-43
2023.06.25 4:16:49,180;-86;-19;-43
2023.06.25 4:16:49,430;-84;-19;-43
2023.06.25 4:16:49,680;-80;-17;-38
2023.06.25 4:16:49,930;-91;-17;-43
2023.06.25 4:16:50,180;-84;-20;-48
2023.06.25 4:16:50,430;-86;-17;-41
2023.06.25 4:16:50,680;-89;-14;-40
2023.06.25 4:16:50,930;-88;-20;-43
2023.06.25 4:16:51,180;-84;-20;-44
2023.06.25 4:16:51,430;-88;-20;-43
2023.06.25 4:16:51,680;-88;-17;-41
2023.06.25 4:16:51,930;-89;-20;-43
2023.06.25 4:16:52,180;-86;-20;-40
2023.06.25 4:16:52,430;-89;-20;-44
2023.06.25 4:16:52,680;-88;-16;-40
2023.06.25 4:16:52,930;-88;-20;-43
2023.06.25 4:16:53,180;-88;-19;-40
2023.06.25 4:16:53,430;-88;-17;-40
2023.06.25 4:16:53,680;-86;-17;-43
2023.06.25 4:16:53,930;-89;-19;-43
2023.06.25 4:16:54,180;-86;-20;-41
2023.06.25 4:16:54,430;-88;-22;-41
2023.06.25 4:16:54,680;-88;-20;-43
2023.06.25 4:16:54,930;-86;-20;-44
2023.06.25 4:16:55,180;-86;-20;-41
2023.06.25 4:16:55,430;-86;-20;-40
2023.06.25 4:16:55,680;-88;-22;-43
2023.06.25 4:16:55,930;-86;-17;-40
2023.06.25 4:16:56,180;-88;-19;-43
2023.06.25 4:16:56,430;-88;-19;-40
2023.06.25 4:16:56,680;-88;-17;-41
2023.06.25 4:16:56,930;-88;-20;-43
2023.06.25 4:16:57,180;-88;-19;-43
2023.06.25 4:17:34,540;-88;-20;-41
2023.06.25 4:17:34,790;-88;-20;-36
2023.06.25 4:17:35,40;-89;-22;-40
2023.06.25 4:17:35,290;-86;-22;-40
2023.06.25 4:17:35,540;-88;-24;-43
2023.06.25 4:17:35,790;-86;-24;-41
2023.06.25 4:17:36,40;-88;-24;-40
2023.06.25 4:17:36,290;-86;-22;-38
2023.06.25 4:17:36,540;-81;-30;-41
2023.06.25 4:17:36,790;-83;-20;-44
2023.06.25 4:17:37,40;-81;-20;-51
2023.06.25 4:17:37,290;-81;-14;-49
2023.06.25 4:17:37,540;-83;-19;-51
2023.06.25 4:17:37,790;-83;-19;-49
2023.06.25 4:17:38,40;-83;-19;-51
2023.06.25 4:17:38,380;-83;-19;-48
2023.06.25 4:17:38,630;-84;-19;-49
2023.06.25 4:17:38,880;-86;-19;-43
2023.06.25 4:17:39,130;-83;-20;-51
2023.06.25 4:17:39,380;-84;-19;-46
2023.06.25 4:17:39,630;-84;-19;-49
2023.06.25 4:17:39,880;-81;-17;-48
2023.06.25 4:17:40,130;-84;-16;-48
2023.06.25 4:17:40,380;-86;-17;-48
2023.06.25 4:17:40,630;-84;-19;-48
2023.06.25 4:17:40,880;-84;-17;-46
2023.06.25 4:17:41,130;-86;-19;-44
2023.06.25 4:17:41,380;-84;-20;-44
2023.06.25 4:17:41,630;-86;-22;-46
2023.06.25 4:17:41,880;-83;-17;-46
2023.06.25 4:17:42,130;-86;-19;-44
2023.06.25 4:17:42,380;-83;-17;-43
2023.06.25 4:17:42,630;-86;-20;-44
2023.06.25 4:17:42,880;-84;-19;-48
2023.06.25 4:17:43,130;-88;-17;-46
2023.06.25 4:17:43,380;-84;-17;-44
2023.06.25 4:17:43,630;-86;-19;-46
2023.06.25 4:17:43,880;-84;-20;-44
2023.06.25 4:17:44,130;-88;-20;-44
2023.06.25 4:17:44,380;-86;-19;-43
2023.06.25 4:17:44,630;-86;-17;-44
2023.06.25 4:17:44,880;-84;-16;-44
2023.06.25 4:17:45,130;-86;-19;-44
2023.06.25 4:17:45,390;-86;-17;-46
2023.06.25 4:17:45,640;-89;-19;-43
2023.06.25 4:17:45,890;-84;-17;-44
2023.06.25 4:17:46,140;-88;-20;-43
2023.06.25 4:17:46,390;-86;-19;-43
2023.06.25 4:17:46,640;-88;-20;-43
2023.06.25 4:17:46,890;-88;-19;-43
2023.06.25 4:17:47,140;-86;-17;-43
2023.06.25 4:17:47,390;-84;-17;-41
2023.06.25 4:17:47,640;-88;-19;-40
2023.06.25 4:17:47,890;-86;-20;-44
2023.06.25 4:17:48,140;-86;-19;-43
2023.06.25 4:17:48,390;-89;-19;-44
2023.06.25 4:17:48,640;-88;-20;-43
2023.06.25 4:17:48,900;-89;-19;-43
2023.06.25 4:17:49,150;-86;-16;-41
2023.06.25 4:17:49,400;-88;-19;-44
2023.06.25 4:17:49,650;-84;-20;-44
2023.06.25 4:17:49,900;-86;-16;-43
2023.06.25 4:17:50,150;-86;-20;-44
2023.06.25 4:17:50,400;-89;-19;-40
2023.06.25 4:17:50,650;-86;-22;-43
2023.06.25 4:17:50,900;-86;-20;-44
2023.06.25 4:17:51,150;-88;-20;-43
2023.06.25 4:17:51,400;-89;-17;-41
2023.06.25 4:17:51,650;-84;-17;-41
2023.06.25 4:17:51,900;-88;-19;-41
2023.06.25 4:17:52,150;-88;-17;-44
2023.06.25 4:17:52,400;-88;-17;-44
2023.06.25 4:17:52,650;-86;-19;-43
2023.06.25 4:17:52,900;-88;-22;-41
2023.06.25 4:18:2,400;-88;-20;-40
2023.06.25 4:18:2,650;-89;-22;-43
2023.06.25 4:18:2,900;-86;-20;-40
2023.06.25 4:18:3,150;-88;-19;-41
2023.06.25 4:18:3,400;-88;-17;-38
2023.06.25 4:18:3,650;-89;-19;-43
2023.06.25 4:18:3,900;-88;-19;-41
2023.06.25 4:18:4,150;-88;-16;-43
2023.06.25 4:18:4,400;-86;-17;-44
2023.06.25 4:18:4,650;-86;-20;-41
2023.06.25 4:18:4,900;-88;-20;-40
2023.06.25 4:18:5,150;-91;-20;-41
2023.06.25 4:18:5,400;-86;-22;-41
2023.06.25 4:18:5,650;-86;-20;-40
2023.06.25 4:18:5,900;-88;-19;-41
2023.06.25 4:18:6,150;-89;-17;-43
2023.06.25 4:18:6,480;-86;-19;-41
2023.06.25 4:18:6,730;-86;-17;-38
2023.06.25 4:18:6,980;-89;-19;-40
2023.06.25 4:18:7,230;-88;-19;-43
2023.06.25 4:18:7,480;-89;-20;-44
2023.06.25 4:18:7,730;-84;-20;-43
2023.06.25 4:18:7,980;-89;-20;-43
2023.06.25 4:18:8,230;-88;-22;-40
2023.06.25 4:18:8,480;-88;-22;-44
2023.06.25 4:18:8,730;-88;-20;-41
2023.06.25 4:18:8,980;-89;-19;-40
2023.06.25 4:18:9,230;-88;-17;-38
2023.06.25 4:18:9,480;-88;-20;-41
2023.06.25 4:18:9,730;-88;-20;-43
2023.06.25 4:18:9,980;-86;-16;-41
2023.06.25 4:18:10,230;-88;-19;-41
2023.06.25 4:18:10,480;-86;-19;-41
2023.06.25 4:18:10,730;-88;-22;-43
2023.06.25 4:18:10,980;-84;-19;-44
2023.06.25 4:18:11,230;-86;-22;-41
2023.06.25 4:18:11,480;-89;-17;-40
2023.06.25 4:18:58,110;-88;-24;-41
2023.06.25 4:18:58,360;-88;-20;-40
2023.06.25 4:18:58,610;-88;-22;-40
2023.06.25 4:18:58,860;-89;-20;-41
2023.06.25 4:18:59,110;-88;-20;-40
2023.06.25 4:18:59,360;-84;-20;-40
2023.06.25 4:18:59,610;-88;-22;-41
2023.06.25 4:18:59,860;-86;-22;-40
2023.06.25 4:19:0,110;-86;-22;-41
2023.06.25 4:19:0,360;-86;-24;-40
2023.06.25 4:19:0,610;-86;-24;-41
2023.06.25 4:19:0,860;-88;-20;-40
2023.06.25 4:19:1,110;-86;-19;-41
2023.06.25 4:19:1,360;-88;-19;-38
2023.06.25 4:19:1,690;-88;-19;-40
2023.06.25 4:19:1,940;-88;-19;-41
2023.06.25 4:19:2,190;-88;-22;-41
2023.06.25 4:19:2,440;-86;-20;-40
2023.06.25 4:19:2,690;-88;-22;-41
2023.06.25 4:19:2,940;-88;-24;-40
2023.06.25 4:19:3,190;-88;-25;-41
2023.06.25 4:19:3,440;-88;-22;-40
2023.06.25 4:19:3,690;-88;-22;-40
2023.06.25 4:19:3,940;-89;-22;-40
2023.06.25 4:19:4,190;-88;-22;-40
2023.06.25 4:19:4,440;-89;-19;-41
2023.06.25 4:19:4,690;-86;-19;-43
2023.06.25 4:19:4,940;-88;-19;-41
2023.06.25 4:19:5,190;-88;-22;-40
2023.06.25 4:19:5,440;-88;-24;-38
2023.06.25 4:19:5,690;-86;-22;-43
2023.06.25 4:19:5,940;-86;-20;-43
2023.06.25 4:19:6,190;-88;-19;-40
2023.06.25 4:19:6,440;-89;-20;-38
2023.06.25 4:19:6,690;-88;-22;-40
2023.06.25 4:19:6,940;-88;-22;-40
2023.06.25 4:19:7,190;-89;-22;-41
2023.06.25 4:19:53,820;-81;-25;-48
2023.06.25 4:19:54,70;-83;-25;-48
2023.06.25 4:19:54,320;-83;-27;-46
2023.06.25 4:19:54,570;-84;-24;-48
2023.06.25 4:19:54,820;-83;-22;-49
2023.06.25 4:19:55,70;-81;-20;-48
2023.06.25 4:19:55,320;-81;-24;-49
2023.06.25 4:19:55,570;-83;-22;-48
2023.06.25 4:19:55,820;-83;-25;-49
2023.06.25 4:19:56,70;-81;-22;-49
2023.06.25 4:19:56,320;-81;-20;-49
2023.06.25 4:19:56,570;-84;-19;-48
2023.06.25 4:19:56,820;-83;-20;-48
2023.06.25 4:19:57,70;-83;-19;-49
2023.06.25 4:19:57,320;-84;-24;-48
2023.06.25 4:19:57,570;-83;-20;-48
2023.06.25 4:19:57,900;-84;-20;-48
2023.06.25 4:19:58,150;-86;-20;-48
2023.06.25 4:19:58,400;-83;-24;-43
2023.06.25 4:19:58,650;-84;-25;-48
2023.06.25 4:19:58,910;-84;-22;-44
2023.06.25 4:19:59,160;-84;-24;-51
2023.06.25 4:19:59,410;-83;-20;-48
2023.06.25 4:19:59,660;-84;-17;-49
2023.06.25 4:19:59,910;-83;-17;-48
2023.06.25 4:20:0,160;-84;-20;-48
2023.06.25 4:20:0,410;-83;-20;-49
2023.06.25 4:20:0,660;-86;-20;-49
2023.06.25 4:20:0,910;-84;-22;-46
2023.06.25 4:20:1,160;-86;-19;-46
2023.06.25 4:20:1,410;-83;-22;-46
2023.06.25 4:20:1,660;-88;-24;-46
2023.06.25 4:20:1,910;-84;-19;-46
2023.06.25 4:20:2,160;-86;-19;-48
2023.06.25 4:20:2,410;-83;-20;-46
2023.06.25 4:20:2,660;-86;-20;-48
2023.06.25 4:20:2,910;-84;-17;-48
2023.06.25 4:20:31,10;-80;-25;-52
2023.06.25 4:20:31,260;-76;-28;-54
2023.06.25 4:20:31,510;-80;-33;-51
2023.06.25 4:20:31,760;-81;-35;-52
2023.06.25 4:20:32,30;-80;-33;-38
2023.06.25 4:20:32,280;-76;-43;-44
2023.06.25 4:20:32,530;-73;-48;-43
2023.06.25 4:20:32,780;-76;-46;-43
2023.06.25 4:20:33,30;-78;-48;-41
2023.06.25 4:20:33,280;-76;-49;-41
2023.06.25 4:20:33,530;-72;-52;-41
2023.06.25 4:20:33,780;-72;-56;-38
2023.06.25 4:20:34,30;-72;-56;-38
2023.06.25 4:20:34,280;-67;-62;-36
2023.06.25 4:20:34,530;-73;-59;-35
2023.06.25 4:20:34,780;-72;-57;-36
2023.06.25 4:20:35,30;-72;-59;-35
2023.06.25 4:20:35,280;-68;-60;-35
2023.06.25 4:20:35,530;-70;-60;-35
2023.06.25 4:20:35,780;-72;-59;-33
2023.06.25 4:20:36,30;-70;-60;-33
2023.06.25 4:20:36,280;-68;-60;-35
2023.06.25 4:20:36,530;-70;-60;-32
2023.06.25 4:20:36,780;-70;-60;-30
2023.06.25 4:20:37,30;-72;-62;-30
2023.06.25 4:20:37,280;-72;-62;-30
2023.06.25 4:20:37,530;-72;-60;-30
2023.06.25 4:20:37,780;-76;-62;-30
2023.06.25 4:20:38,30;-72;-64;-27
2023.06.25 4:20:38,280;-73;-59;-28
2023.06.25 4:20:38,530;-78;-59;-28
2023.06.25 4:20:38,780;-76;-57;-22
2023.06.25 4:20:39,30;-72;-64;-24
2023.06.25 4:20:39,280;-75;-70;-27
2023.06.25 4:20:39,530;-78;-60;-12
2023.06.25 4:20:39,780;-65;-75;-20
2023.06.25 4:20:40,30;-68;-64;-19
2023.06.25 4:21:35,990;-89;-16;-38
2023.06.25 4:21:36,240;-89;-16;-40
2023.06.25 4:21:36,490;-89;-12;-38
2023.06.25 4:21:36,740;-88;-14;-38
2023.06.25 4:21:36,990;-88;-17;-41
2023.06.25 4:21:37,240;-89;-16;-40
2023.06.25 4:21:37,490;-89;-16;-40
2023.06.25 4:21:37,740;-89;-16;-38
2023.06.25 4:21:37,990;-89;-17;-40
2023.06.25 4:21:38,240;-91;-14;-40
2023.06.25 4:21:38,490;-89;-16;-36
2023.06.25 4:21:38,740;-88;-16;-38
2023.06.25 4:21:38,990;-89;-19;-40
2023.06.25 4:21:39,240;-89;-12;-43
2023.06.25 4:21:39,490;-88;-17;-38
2023.06.25 4:21:39,740;-89;-16;-38
2023.06.25 4:21:39,990;-89;-14;-40
2023.06.25 4:21:40,240;-89;-12;-40
2023.06.25 4:21:40,490;-88;-16;-38
2023.06.25 4:21:40,740;-91;-14;-40
2023.06.25 4:21:40,990;-89;-11;-40
2023.06.25 4:21:41,240;-89;-14;-40
2023.06.25 4:21:41,490;-91;-16;-40
2023.06.25 4:21:41,740;-89;-12;-40
2023.06.25 4:21:41,990;-88;-14;-40
2023.06.25 4:21:42,240;-88;-16;-38
2023.06.25 4:21:42,490;-89;-14;-41
2023.06.25 4:21:42,740;-89;-12;-40
2023.06.25 4:21:42,990;-89;-16;-40
2023.06.25 4:21:43,240;-89;-17;-38
2023.06.25 4:21:43,490;-89;-14;-40
2023.06.25 4:21:43,740;-88;-14;-40
2023.06.25 4:21:43,990;-89;-16;-40
2023.06.25 4:21:44,240;-89;-14;-38
2023.06.25 4:21:44,490;-89;-16;-40
2023.06.25 4:21:44,740;-88;-14;-41
2023.06.25 4:21:44,990;-89;-14;-41
2023.06.25 4:22:3,850;-89;-14;-41
2023.06.25 4:22:4,100;-88;-14;-40
2023.06.25 4:22:4,350;-88;-17;-40
2023.06.25 4:22:4,600;-89;-17;-41
2023.06.25 4:22:4,850;-89;-17;-41
2023.06.25 4:22:5,100;-89;-16;-40
2023.06.25 4:22:5,350;-88;-16;-41
2023.06.25 4:22:5,600;-89;-16;-40
2023.06.25 4:22:5,850;-89;-19;-40
2023.06.25 4:22:6,100;-88;-14;-41
2023.06.25 4:22:6,350;-89;-16;-41
2023.06.25 4:22:6,600;-88;-16;-41
2023.06.25 4:22:6,850;-88;-16;-41
2023.06.25 4:22:7,100;-86;-17;-40
2023.06.25 4:22:7,350;-88;-19;-41
2023.06.25 4:22:7,600;-88;-14;-41
2023.06.25 4:22:7,850;-89;-17;-43
2023.06.25 4:22:8,100;-88;-17;-40
2023.06.25 4:22:8,350;-86;-17;-41
2023.06.25 4:22:8,600;-88;-17;-41
2023.06.25 4:22:8,850;-89;-16;-43
2023.06.25 4:22:9,100;-88;-17;-41
2023.06.25 4:22:9,350;-89;-14;-41
2023.06.25 4:22:9,600;-88;-19;-41
2023.06.25 4:22:9,850;-88;-16;-38
2023.06.25 4:22:10,100;-88;-17;-43
2023.06.25 4:22:10,350;-88;-16;-41
2023.06.25 4:22:10,600;-88;-16;-43
2023.06.25 4:22:10,850;-86;-14;-41
2023.06.25 4:22:11,100;-88;-17;-41
2023.06.25 4:22:11,350;-86;-16;-41
2023.06.25 4:22:11,600;-88;-17;-43
2023.06.25 4:22:11,850;-88;-16;-41
2023.06.25 4:22:12,100;-88;-14;-43
2023.06.25 4:22:12,350;-88;-14;-43
2023.06.25 4:22:12,600;-89;-14;-41
2023.06.25 4:22:12,850;-84;-19;-43
2023.06.25 4:22:13,100;-89;-16;-43
2023.06.25 4:22:13,350;-88;-17;-41
2023.06.25 4:22:13,600;-88;-17;-40
2023.06.25 4:22:13,850;-89;-14;-40
2023.06.25 4:22:14,100;-88;-17;-41
2023.06.25 4:22:14,350;-86;-16;-41
2023.06.25 4:22:14,600;-88;-17;-43
2023.06.25 4:22:14,850;-88;-14;-43
2023.06.25 4:22:15,100;-88;-14;-43
2023.06.25 4:22:15,350;-88;-16;-41
2023.06.25 4:22:15,600;-91;-16;-41
2023.06.25 4:22:15,850;-89;-16;-41
2023.06.25 4:22:16,100;-88;-14;-41
2023.06.25 4:22:16,430;-86;-16;-41
2023.06.25 4:22:16,680;-88;-19;-43
2023.06.25 4:22:16,930;-88;-16;-41
2023.06.25 4:22:17,180;-89;-14;-44
2023.06.25 4:22:17,430;-86;-14;-41
2023.06.25 4:22:17,680;-88;-16;-41
2023.06.25 4:22:17,930;-88;-16;-43
2023.06.25 4:22:18,180;-88;-14;-43
2023.06.25 4:22:18,430;-89;-14;-43
2023.06.25 4:22:18,680;-88;-14;-41
2023.06.25 4:22:18,930;-89;-14;-43
2023.06.25 4:22:19,180;-88;-17;-43
2023.06.25 4:22:19,430;-88;-14;-41
2023.06.25 4:22:19,680;-88;-14;-41
2023.06.25 4:22:19,930;-88;-14;-41
2023.06.25 4:22:20,180;-88;-16;-43
2023.06.25 4:22:20,430;-88;-17;-43
2023.06.25 4:22:20,680;-88;-14;-43
2023.06.25 4:22:20,930;-88;-14;-43
2023.06.25 4:22:21,180;-88;-16;-43
2023.06.25 4:22:21,430;-88;-17;-41
2023.06.25 4:22:21,680;-88;-14;-43
2023.06.25 4:22:21,930;-88;-14;-44
2023.06.25 4:22:22,180;-88;-14;-43
2023.06.25 4:22:22,430;-88;-14;-41
2023.06.25 4:22:22,680;-88;-16;-43
2023.06.25 4:22:22,930;-88;-14;-43
2023.06.25 4:22:23,180;-88;-14;-43
2023.06.25 4:22:23,450;-88;-14;-43
2023.06.25 4:22:23,700;-88;-16;-46
2023.06.25 4:22:23,950;-88;-16;-43
2023.06.25 4:22:24,200;-89;-16;-41
2023.06.25 4:22:24,450;-89;-17;-43
2023.06.25 4:22:24,700;-91;-19;-41
2023.06.25 4:22:24,950;-89;-16;-40
2023.06.25 4:22:25,200;-89;-22;-38
2023.06.25 4:22:25,450;-88;-22;-40
2023.06.25 4:22:25,700;-88;-19;-40
2023.06.25 4:22:25,950;-88;-20;-41
2023.06.25 4:22:26,200;-88;-20;-40
2023.06.25 4:22:26,450;-89;-17;-43
2023.06.25 4:22:26,700;-88;-17;-41
2023.06.25 4:22:26,950;-88;-17;-41
2023.06.25 4:22:27,200;-88;-17;-41
2023.06.25 4:22:27,450;-88;-16;-43
2023.06.25 4:22:27,700;-89;-17;-41
2023.06.25 4:22:27,950;-91;-14;-40
2023.06.25 4:22:28,200;-88;-14;-40
2023.06.25 4:22:28,450;-89;-16;-41
2023.06.25 4:22:28,700;-89;-14;-38
2023.06.25 4:22:28,950;-89;-16;-38
2023.06.25 4:22:29,200;-89;-14;-36
2023.06.25 4:22:29,450;-89;-16;-38
2023.06.25 4:22:29,700;-89;-16;-38
2023.06.25 4:22:29,950;-89;-16;-41
2023.06.25 4:22:30,200;-89;-16;-38
2023.06.25 4:22:30,450;-89;-17;-36
2023.06.25 4:22:30,700;-89;-17;-36
2023.06.25 4:22:30,950;-89;-12;-36
2023.06.25 4:22:31,200;-88;-17;-38
2023.06.25 4:22:31,450;-91;-17;-40
2023.06.25 4:22:31,700;-91;-16;-36
2023.06.25 4:22:31,950;-89;-16;-38
2023.06.25 4:22:32,200;-91;-16;-40
2023.06.25 4:22:32,450;-89;-16;-38
2023.06.25 4:22:32,700;-89;-16;-38
2023.06.25 4:22:32,950;-91;-16;-38
2023.06.25 4:22:33,200;-88;-14;-40
2023.06.25 4:22:33,450;-89;-14;-38
2023.06.25 4:22:33,700;-91;-16;-40
2023.06.25 4:22:33,950;-89;-16;-40
2023.06.25 4:22:34,200;-91;-17;-40
2023.06.25 4:22:34,450;-89;-19;-36
2023.06.25 4:22:34,700;-89;-16;-38
2023.06.25 4:22:34,950;-89;-14;-38
2023.06.25 4:22:35,200;-89;-14;-38
2023.06.25 4:22:35,450;-89;-16;-40
2023.06.25 4:22:35,700;-91;-14;-38
2023.06.25 4:22:35,950;-89;-14;-38
2023.06.25 4:22:36,200;-89;-14;-38
2023.06.25 4:22:36,450;-89;-16;-40
2023.06.25 4:22:36,700;-89;-14;-40
2023.06.25 4:22:36,950;-89;-12;-40
2023.06.25 4:22:37,200;-91;-14;-40
2023.06.25 4:22:37,450;-89;-17;-38
2023.06.25 4:22:37,700;-91;-14;-38
2023.06.25 4:22:37,950;-89;-14;-40
2023.06.25 4:22:38,200;-91;-14;-40
2023.06.25 4:22:38,450;-91;-16;-36
2023.06.25 4:22:38,700;-89;-14;-36
2023.06.25 4:22:38,950;-89;-17;-38
2023.06.25 4:22:39,200;-89;-14;-41
2023.06.25 4:22:39,450;-89;-11;-40
2023.06.25 4:22:39,700;-89;-14;-40
2023.06.25 4:22:39,950;-89;-17;-40
2023.06.25 4:22:40,200;-89;-16;-40
2023.06.25 4:22:40,450;-89;-16;-38
2023.06.25 4:22:40,700;-91;-14;-41
2023.06.25 4:22:40,950;-89;-14;-40
2023.06.25 4:22:41,200;-88;-14;-38
2023.06.25 4:22:41,450;-89;-14;-38
2023.06.25 4:22:41,700;-89;-16;-38
2023.06.25 4:22:41,950;-89;-14;-38
2023.06.25 4:22:42,200;-89;-14;-40
2023.06.25 4:22:42,450;-89;-14;-38
2023.06.25 4:22:42,700;-88;-14;-36
2023.06.25 4:22:42,950;-89;-17;-40
2023.06.25 4:22:43,200;-89;-14;-41
2023.06.25 4:22:43,450;-89;-14;-41
2023.06.25 4:22:43,700;-88;-12;-38
2023.06.25 4:22:43,950;-89;-16;-40
2023.06.25 4:22:44,200;-89;-14;-41
2023.06.25 4:22:44,530;-91;-12;-40
2023.06.25 4:22:44,780;-89;-12;-40
2023.06.25 4:22:45,30;-89;-14;-40
2023.06.25 4:22:45,280;-91;-16;-40
2023.06.25 4:22:45,540;-89;-17;-40
2023.06.25 4:22:45,790;-89;-12;-40
2023.06.25 4:22:46,40;-89;-14;-40
2023.06.25 4:22:46,290;-89;-14;-38
2023.06.25 4:22:46,540;-91;-16;-38
2023.06.25 4:22:46,790;-91;-17;-36
2023.06.25 4:22:47,40;-91;-16;-41
2023.06.25 4:22:47,290;-89;-16;-38
2023.06.25 4:22:47,540;-89;-17;-38
2023.06.25 4:22:47,790;-89;-17;-36
2023.06.25 4:22:48,40;-91;-20;-36
2023.06.25 4:22:48,290;-88;-12;-28
2023.06.25 4:22:48,540;-86;-17;-36
2023.06.25 4:22:48,790;-91;-16;-40
2023.06.25 4:22:49,40;-88;-16;-38
2023.06.25 4:22:49,290;-89;-16;-38
2023.06.25 4:22:49,540;-89;-17;-38
2023.06.25 4:22:49,790;-89;-17;-41
2023.06.25 4:22:50,40;-91;-16;-38
2023.06.25 4:23:18,140;-88;-19;-40
2023.06.25 4:23:18,390;-89;-17;-40
2023.06.25 4:23:18,640;-88;-20;-40
2023.06.25 4:23:18,890;-86;-22;-40
2023.06.25 4:23:19,140;-88;-22;-41
2023.06.25 4:23:19,390;-89;-19;-40
2023.06.25 4:23:19,660;-88;-19;-38
2023.06.25 4:23:19,910;-89;-19;-38
2023.06.25 4:23:20,160;-89;-22;-38
2023.06.25 4:23:20,410;-88;-20;-41
2023.06.25 4:23:20,660;-88;-19;-40
2023.06.25 4:23:20,910;-88;-19;-38
2023.06.25 4:23:21,160;-89;-20;-41
2023.06.25 4:23:21,410;-88;-19;-40
2023.06.25 4:23:21,660;-88;-19;-40
2023.06.25 4:23:21,910;-89;-19;-40
2023.06.25 4:23:22,160;-89;-19;-40
2023.06.25 4:23:22,410;-88;-19;-40
2023.06.25 4:23:22,660;-89;-19;-40
2023.06.25 4:23:22,910;-89;-20;-40
2023.06.25 4:23:23,160;-91;-17;-41
2023.06.25 4:23:23,410;-89;-19;-40
2023.06.25 4:23:23,660;-89;-16;-40
2023.06.25 4:23:23,910;-89;-19;-41
2023.06.25 4:23:24,160;-88;-20;-40
2023.06.25 4:23:24,410;-88;-20;-41
2023.06.25 4:23:24,660;-88;-20;-41
2023.06.25 4:23:24,910;-89;-17;-41
2023.06.25 4:23:25,160;-88;-19;-40
2023.06.25 4:23:25,410;-88;-19;-40
2023.06.25 4:23:25,660;-88;-20;-40
2023.06.25 4:23:25,910;-89;-19;-41
2023.06.25 4:23:26,160;-89;-19;-41
2023.06.25 4:23:26,410;-89;-19;-40
2023.06.25 4:23:26,660;-88;-17;-41
2023.06.25 4:23:26,910;-88;-19;-40
2023.06.25 4:23:27,160;-88;-19;-41
2023.06.25 4:23:27,410;-88;-19;-41
2023.06.25 4:23:27,660;-88;-19;-41
2023.06.25 4:23:27,910;-89;-17;-41
2023.06.25 4:23:28,160;-88;-19;-40
2023.06.25 4:23:28,410;-88;-20;-40
2023.06.25 4:23:28,660;-88;-19;-40
2023.06.25 4:23:28,910;-88;-19;-40
2023.06.25 4:23:29,160;-88;-17;-41
2023.06.25 4:23:29,410;-88;-17;-40
2023.06.25 4:23:29,660;-88;-20;-41
2023.06.25 4:23:29,910;-88;-20;-40
2023.06.25 4:23:30,160;-86;-19;-41
2023.06.25 4:23:30,410;-88;-17;-40
2023.06.25 4:23:30,660;-89;-17;-40
2023.06.25 4:23:30,910;-88;-19;-40
2023.06.25 4:23:31,160;-89;-19;-40
2023.06.25 4:23:31,410;-86;-19;-40
2023.06.25 4:23:31,660;-89;-19;-41
2023.06.25 4:23:31,910;-89;-19;-41
2023.06.25 4:23:32,160;-89;-20;-41
2023.06.25 4:23:32,410;-88;-19;-40
2023.06.25 4:23:32,660;-88;-17;-41
2023.06.25 4:23:32,910;-89;-19;-40
2023.06.25 4:23:33,160;-88;-19;-40
2023.06.25 4:23:33,410;-86;-17;-38
2023.06.25 4:23:33,660;-88;-20;-41
2023.06.25 4:23:33,910;-88;-20;-41
2023.06.25 4:23:34,160;-88;-17;-41
2023.06.25 4:23:34,410;-88;-17;-40
2023.06.25 4:23:34,660;-89;-20;-40
2023.06.25 4:23:34,910;-88;-19;-40
2023.06.25 4:23:35,160;-89;-20;-40
2023.06.25 4:23:35,410;-88;-19;-40
2023.06.25 4:23:35,660;-86;-19;-41
2023.06.25 4:23:35,910;-86;-17;-40
2023.06.25 4:23:36,160;-86;-20;-40
2023.06.25 4:23:36,410;-88;-19;-40
2023.06.25 4:24:23,120;-88;-17;-43
2023.06.25 4:24:23,370;-88;-19;-41
2023.06.25 4:24:23,620;-86;-16;-43
2023.06.25 4:24:23,870;-88;-19;-40
2023.06.25 4:24:24,120;-88;-17;-41
2023.06.25 4:24:24,370;-88;-17;-41
2023.06.25 4:24:24,620;-86;-16;-41
2023.06.25 4:24:24,870;-88;-16;-41
2023.06.25 4:24:25,120;-88;-17;-43
2023.06.25 4:24:25,370;-88;-17;-43
2023.06.25 4:24:25,620;-88;-20;-43
2023.06.25 4:24:25,870;-86;-17;-41
2023.06.25 4:24:26,120;-88;-19;-43
2023.06.25 4:24:26,370;-89;-17;-40
2023.06.25 4:24:26,620;-89;-17;-40
2023.06.25 4:24:26,870;-86;-19;-41
2023.06.25 4:24:27,120;-88;-19;-43
2023.06.25 4:24:27,370;-88;-17;-43
2023.06.25 4:24:27,620;-88;-16;-44
2023.06.25 4:24:27,870;-86;-17;-40
2023.06.25 4:24:28,120;-88;-17;-43
2023.06.25 4:24:28,370;-88;-17;-41
2023.06.25 4:24:28,620;-89;-16;-43
2023.06.25 4:24:28,870;-88;-20;-41
2023.06.25 4:24:29,120;-89;-14;-40
2023.06.25 4:24:29,370;-89;-19;-41
2023.06.25 4:24:29,620;-88;-14;-40
2023.06.25 4:24:29,870;-88;-19;-43
2023.06.25 4:24:30,120;-88;-19;-41
2023.06.25 4:24:30,370;-88;-17;-41
2023.06.25 4:24:30,620;-88;-16;-43
2023.06.25 4:24:30,870;-89;-16;-41
2023.06.25 4:24:31,120;-86;-17;-41
2023.06.25 4:24:31,370;-88;-19;-43
2023.06.25 4:24:31,620;-88;-17;-41
2023.06.25 4:24:31,870;-89;-17;-43
2023.06.25 4:24:32,120;-88;-16;-43
2023.06.25 4:24:32,370;-88;-19;-43
2023.06.25 4:24:32,620;-88;-19;-43
2023.06.25 4:24:32,870;-88;-19;-43
2023.06.25 4:24:33,120;-88;-16;-43
2023.06.25 4:24:33,370;-88;-17;-41
2023.06.25 4:24:33,620;-89;-19;-40
2023.06.25 4:24:33,870;-86;-17;-43
2023.06.25 4:24:34,120;-89;-17;-41
2023.06.25 4:24:34,370;-88;-17;-43
2023.06.25 4:24:34,630;-88;-17;-41
2023.06.25 4:24:34,880;-88;-19;-41
2023.06.25 4:24:35,130;-88;-17;-41
2023.06.25 4:24:35,380;-86;-19;-41
2023.06.25 4:24:35,630;-89;-17;-41
2023.06.25 4:24:36,100;-88;-16;-43
2023.06.25 4:24:36,350;-86;-17;-43
2023.06.25 4:24:36,600;-88;-20;-43
2023.06.25 4:24:36,850;-88;-19;-41
2023.06.25 4:24:37,110;-88;-17;-43
2023.06.25 4:24:37,360;-88;-16;-41
2023.06.25 4:24:37,610;-89;-16;-43
2023.06.25 4:24:37,860;-86;-17;-41
2023.06.25 4:24:38,110;-88;-17;-41
2023.06.25 4:24:38,360;-88;-17;-43
2023.06.25 4:24:38,610;-86;-16;-43
2023.06.25 4:24:38,860;-88;-17;-43
2023.06.25 4:24:39,110;-88;-19;-41
2023.06.25 4:24:39,360;-86;-17;-43
2023.06.25 4:24:39,610;-88;-19;-43
2023.06.25 4:24:39,860;-89;-17;-43
2023.06.25 4:24:40,110;-88;-17;-41
2023.06.25 4:24:40,360;-88;-17;-40
2023.06.25 4:24:40,610;-86;-17;-41
2023.06.25 4:24:40,860;-88;-19;-43
2023.06.25 4:24:41,110;-88;-17;-41
2023.06.25 4:24:41,360;-89;-17;-43
2023.06.25 4:24:41,610;-88;-17;-41
2023.06.25 4:24:51,120;-89;-16;-44
2023.06.25 4:24:51,370;-86;-16;-44
2023.06.25 4:24:51,620;-86;-19;-41
2023.06.25 4:24:51,870;-88;-19;-43
2023.06.25 4:24:52,120;-86;-17;-41
2023.06.25 4:24:52,370;-86;-19;-43
2023.06.25 4:24:52,620;-88;-17;-41
2023.06.25 4:24:52,870;-88;-17;-41
2023.06.25 4:24:53,120;-86;-19;-41
2023.06.25 4:24:53,370;-88;-19;-43
2023.06.25 4:24:53,620;-88;-17;-43
2023.06.25 4:24:53,870;-88;-16;-43
2023.06.25 4:24:54,120;-88;-17;-41
2023.06.25 4:24:54,370;-86;-19;-43
2023.06.25 4:24:54,620;-88;-17;-41
2023.06.25 4:24:54,870;-88;-19;-43
2023.06.25 4:24:55,120;-88;-16;-41
2023.06.25 4:24:55,380;-88;-16;-44
2023.06.25 4:24:55,630;-88;-19;-41
2023.06.25 4:24:55,880;-88;-19;-41
2023.06.25 4:24:56,130;-88;-16;-44
2023.06.25 4:24:56,380;-88;-17;-43
2023.06.25 4:24:56,630;-86;-17;-43
2023.06.25 4:24:56,880;-88;-19;-41
2023.06.25 4:24:57,130;-88;-17;-43
2023.06.25 4:24:57,380;-88;-19;-41
2023.06.25 4:24:57,630;-88;-16;-41
2023.06.25 4:24:57,880;-86;-17;-43
2023.06.25 4:24:58,130;-86;-17;-41
2023.06.25 4:24:58,380;-88;-17;-41
2023.06.25 4:24:58,630;-86;-19;-41
2023.06.25 4:24:58,880;-88;-19;-43
2023.06.25 4:24:59,130;-88;-17;-43
2023.06.25 4:24:59,380;-88;-17;-40
2023.06.25 4:24:59,630;-88;-17;-41
2023.06.25 4:24:59,880;-86;-17;-41
2023.06.25 4:25:0,130;-88;-17;-41
2023.06.25 4:25:0,380;-88;-17;-41
2023.06.25 4:25:0,630;-89;-17;-43
2023.06.25 4:25:0,880;-86;-16;-44
2023.06.25 4:25:1,130;-88;-19;-43
2023.06.25 4:25:1,380;-86;-19;-41
2023.06.25 4:25:1,630;-89;-17;-43
2023.06.25 4:25:1,880;-88;-16;-41
2023.06.25 4:25:2,130;-89;-17;-43
2023.06.25 4:25:2,380;-86;-14;-43
2023.06.25 4:25:2,630;-88;-19;-41
2023.06.25 4:25:2,880;-88;-19;-41
2023.06.25 4:25:3,130;-88;-17;-43
2023.06.25 4:25:3,380;-88;-19;-43
2023.06.25 4:25:3,630;-88;-16;-41
2023.06.25 4:25:3,880;-84;-17;-41
2023.06.25 4:25:4,210;-86;-17;-43
2023.06.25 4:25:4,460;-86;-16;-41
2023.06.25 4:25:4,710;-88;-17;-43
2023.06.25 4:25:4,960;-88;-17;-43
2023.06.25 4:25:5,210;-88;-17;-41
2023.06.25 4:25:5,460;-86;-16;-43
2023.06.25 4:25:5,710;-88;-16;-41
2023.06.25 4:25:5,960;-86;-17;-41
2023.06.25 4:25:6,210;-88;-17;-44
2023.06.25 4:25:6,460;-86;-19;-43
2023.06.25 4:25:6,710;-88;-16;-41
2023.06.25 4:25:6,960;-88;-17;-43
2023.06.25 4:25:7,210;-89;-17;-43
2023.06.25 4:25:7,460;-88;-16;-40
2023.06.25 4:25:7,710;-88;-17;-41
2023.06.25 4:25:7,960;-88;-16;-41
2023.06.25 4:25:8,210;-88;-16;-44
2023.06.25 4:25:8,460;-88;-14;-41
2023.06.25 4:25:8,710;-86;-17;-43
2023.06.25 4:25:8,960;-88;-19;-41
2023.06.25 4:25:9,210;-88;-20;-43
2023.06.25 4:25:9,460;-89;-17;-43
2023.06.25 4:25:18,980;-88;-16;-43
2023.06.25 4:25:19,230;-88;-17;-40
2023.06.25 4:25:19,480;-88;-16;-43
2023.06.25 4:25:19,730;-88;-16;-43
2023.06.25 4:25:19,980;-86;-16;-43
2023.06.25 4:25:20,230;-88;-16;-44
2023.06.25 4:25:20,480;-86;-19;-43
2023.06.25 4:25:20,730;-88;-17;-43
2023.06.25 4:25:20,980;-89;-19;-43
2023.06.25 4:25:21,230;-88;-17;-41
2023.06.25 4:25:21,480;-88;-17;-43
2023.06.25 4:25:21,730;-88;-16;-43
2023.06.25 4:25:21,980;-86;-19;-41
2023.06.25 4:25:22,230;-88;-19;-43
2023.06.25 4:25:22,480;-88;-17;-43
2023.06.25 4:25:22,730;-88;-17;-43
2023.06.25 4:25:22,980;-86;-17;-43
2023.06.25 4:25:23,230;-86;-19;-41
2023.06.25 4:25:23,480;-88;-19;-43
2023.06.25 4:25:23,730;-88;-17;-41
2023.06.25 4:25:23,980;-88;-14;-43
2023.06.25 4:25:24,230;-89;-17;-43
2023.06.25 4:25:24,480;-88;-17;-43
2023.06.25 4:25:24,730;-86;-19;-43
2023.06.25 4:25:24,980;-89;-17;-40
2023.06.25 4:25:25,230;-86;-17;-43
2023.06.25 4:25:25,480;-88;-19;-41
2023.06.25 4:25:25,730;-88;-17;-41
2023.06.25 4:25:25,980;-88;-17;-41
2023.06.25 4:25:26,230;-88;-17;-43
2023.06.25 4:25:26,480;-86;-16;-40
2023.06.25 4:25:26,730;-88;-19;-41
2023.06.25 4:25:26,980;-86;-19;-41
2023.06.25 4:25:27,230;-88;-20;-40
2023.06.25 4:25:27,480;-88;-20;-40
2023.06.25 4:25:27,730;-84;-27;-40
2023.06.25 4:25:27,980;-92;-27;-40
2023.06.25 4:25:37,570;-86;-16;-43
2023.06.25 4:25:37,820;-88;-17;-43
2023.06.25 4:25:38,70;-88;-17;-41
2023.06.25 4:25:38,330;-88;-17;-41
2023.06.25 4:25:38,580;-88;-19;-44
2023.06.25 4:25:38,830;-86;-17;-43
2023.06.25 4:25:39,80;-88;-19;-43
2023.06.25 4:25:39,330;-88;-16;-41
2023.06.25 4:25:39,580;-86;-17;-41
2023.06.25 4:25:39,830;-88;-19;-41
2023.06.25 4:25:40,80;-88;-20;-43
2023.06.25 4:25:40,330;-88;-20;-41
2023.06.25 4:25:40,580;-89;-17;-41
2023.06.25 4:25:40,830;-88;-19;-40
2023.06.25 4:25:41,80;-86;-17;-41
2023.06.25 4:25:41,330;-89;-17;-41
2023.06.25 4:25:41,580;-88;-19;-41
2023.06.25 4:25:41,830;-88;-19;-41
2023.06.25 4:25:42,80;-86;-16;-44
2023.06.25 4:25:42,330;-86;-17;-43
2023.06.25 4:25:42,580;-88;-16;-43
2023.06.25 4:25:42,830;-88;-17;-40
2023.06.25 4:25:43,80;-88;-17;-41
2023.06.25 4:25:43,330;-86;-19;-43
2023.06.25 4:25:43,580;-88;-17;-43
2023.06.25 4:25:43,830;-88;-17;-43
2023.06.25 4:25:44,80;-86;-19;-43
2023.06.25 4:25:44,330;-86;-17;-43
2023.06.25 4:25:44,580;-86;-19;-43
2023.06.25 4:25:44,830;-89;-16;-41
2023.06.25 4:25:45,80;-88;-16;-43
2023.06.25 4:25:45,330;-88;-16;-41
2023.06.25 4:25:45,580;-88;-17;-43
2023.06.25 4:25:45,830;-86;-19;-44
2023.06.25 4:25:46,80;-88;-19;-43
2023.06.25 4:25:46,330;-88;-20;-41
2023.06.25 4:25:46,580;-91;-17;-43
2023.06.25 4:25:46,830;-89;-16;-41
2023.06.25 4:25:47,80;-88;-17;-41
2023.06.25 4:25:47,330;-88;-19;-43
2023.06.25 4:25:47,580;-86;-19;-41
2023.06.25 4:25:47,830;-86;-19;-43
2023.06.25 4:25:48,80;-89;-19;-43
2023.06.25 4:25:48,330;-88;-17;-44
2023.06.25 4:25:48,580;-88;-19;-40
2023.06.25 4:25:48,830;-88;-17;-40
2023.06.25 4:25:49,80;-88;-17;-41
2023.06.25 4:25:49,330;-88;-17;-43
2023.06.25 4:25:49,580;-88;-17;-44
2023.06.25 4:25:49,830;-88;-17;-43
2023.06.25 4:25:50,80;-86;-19;-41
2023.06.25 4:25:50,330;-88;-19;-41
2023.06.25 4:25:50,580;-86;-19;-41
2023.06.25 4:25:50,830;-88;-19;-41
2023.06.25 4:25:51,80;-88;-16;-43
2023.06.25 4:25:51,330;-86;-16;-43
2023.06.25 4:25:51,590;-86;-17;-41
2023.06.25 4:25:51,840;-86;-19;-43
2023.06.25 4:25:52,90;-88;-20;-41
2023.06.25 4:25:52,340;-88;-19;-41
2023.06.25 4:25:52,590;-88;-17;-41
2023.06.25 4:25:52,840;-88;-16;-43
2023.06.25 4:25:53,90;-88;-16;-41
2023.06.25 4:25:53,340;-88;-17;-43
2023.06.25 4:25:53,590;-88;-17;-41
2023.06.25 4:25:53,840;-86;-19;-43
2023.06.25 4:25:54,90;-88;-17;-43
2023.06.25 4:25:54,340;-88;-17;-44
2023.06.25 4:25:54,590;-86;-17;-41
2023.06.25 4:25:54,840;-89;-17;-40
2023.06.25 4:25:55,90;-89;-17;-41
2023.06.25 4:25:55,340;-88;-17;-41
2023.06.25 4:25:55,590;-86;-17;-43
2023.06.25 4:25:55,840;-88;-17;-41
2023.06.25 4:25:56,90;-86;-19;-43
2023.06.25 4:25:56,340;-86;-17;-41
2023.06.25 4:25:56,590;-86;-20;-41
2023.06.25 4:25:56,840;-88;-17;-43
2023.06.25 4:25:57,90;-88;-17;-43
2023.06.25 4:25:57,340;-88;-17;-41
2023.06.25 4:25:57,590;-86;-17;-43
2023.06.25 4:25:57,840;-88;-19;-44
2023.06.25 4:25:58,90;-88;-19;-43
2023.06.25 4:25:58,340;-88;-17;-41
2023.06.25 4:25:58,590;-86;-17;-41
2023.06.25 4:25:58,840;-88;-17;-40
2023.06.25 4:25:59,90;-86;-19;-43
2023.06.25 4:25:59,420;-88;-17;-43
2023.06.25 4:25:59,670;-89;-19;-43
2023.06.25 4:25:59,920;-89;-16;-43
2023.06.25 4:26:0,170;-89;-19;-43
2023.06.25 4:26:0,420;-86;-17;-44
2023.06.25 4:26:0,670;-88;-17;-43
2023.06.25 4:26:0,920;-88;-17;-41
2023.06.25 4:26:1,170;-86;-19;-43
2023.06.25 4:26:1,420;-86;-17;-43
2023.06.25 4:26:1,670;-88;-20;-40
2023.06.25 4:26:1,920;-88;-19;-43
2023.06.25 4:26:2,170;-88;-19;-41
2023.06.25 4:26:2,420;-88;-17;-43
2023.06.25 4:26:2,670;-86;-17;-41
2023.06.25 4:26:2,920;-88;-19;-41
2023.06.25 4:26:3,170;-86;-19;-43
2023.06.25 4:26:3,420;-86;-19;-41
2023.06.25 4:26:3,670;-88;-17;-43
2023.06.25 4:26:3,920;-83;-17;-43
2023.06.25 4:26:4,170;-89;-20;-40
2023.06.25 4:26:4,420;-86;-19;-43
2023.06.25 4:26:4,670;-88;-20;-41
2023.06.25 4:26:4,920;-88;-19;-41
2023.06.25 4:26:5,170;-86;-19;-43
2023.06.25 4:26:5,420;-86;-17;-41
2023.06.25 4:26:5,670;-88;-17;-41
2023.06.25 4:26:5,920;-86;-17;-41
2023.06.25 4:26:6,170;-89;-19;-43
2023.06.25 4:26:6,440;-88;-19;-43
2023.06.25 4:26:6,690;-86;-17;-44
2023.06.25 4:26:6,940;-86;-19;-43
2023.06.25 4:26:7,190;-84;-22;-41
2023.06.25 4:26:7,440;-86;-17;-41
2023.06.25 4:26:7,690;-88;-19;-43
2023.06.25 4:26:7,940;-88;-17;-41
2023.06.25 4:26:8,190;-88;-16;-43
2023.06.25 4:26:8,440;-86;-17;-41
2023.06.25 4:26:8,690;-88;-19;-43
2023.06.25 4:26:8,940;-86;-17;-43
2023.06.25 4:26:9,190;-86;-17;-44
2023.06.25 4:26:9,440;-86;-16;-43
2023.06.25 4:26:9,690;-86;-16;-41
2023.06.25 4:26:9,940;-86;-19;-43
2023.06.25 4:26:10,190;-88;-17;-41
2023.06.25 4:26:10,440;-88;-19;-43
2023.06.25 4:26:10,690;-86;-17;-44
2023.06.25 4:26:10,940;-89;-14;-44
2023.06.25 4:26:11,190;-88;-17;-43
2023.06.25 4:26:11,440;-88;-19;-43
2023.06.25 4:26:11,690;-88;-19;-44
2023.06.25 4:26:11,940;-84;-17;-44
2023.06.25 4:26:12,190;-88;-16;-43
2023.06.25 4:26:12,440;-88;-17;-44
2023.06.25 4:26:12,690;-88;-19;-41
2023.06.25 4:26:12,940;-89;-16;-43
2023.06.25 4:26:13,190;-86;-17;-43
2023.06.25 4:26:13,440;-86;-17;-43
2023.06.25 4:26:13,690;-86;-17;-44
2023.06.25 4:26:13,940;-86;-16;-41
2023.06.25 4:26:14,190;-86;-17;-43
2023.06.25 4:26:14,440;-88;-19;-41
2023.06.25 4:26:14,690;-86;-16;-43
2023.06.25 4:26:14,940;-88;-17;-44
2023.06.25 4:26:15,190;-86;-17;-40
2023.06.25 4:26:15,440;-88;-19;-41
2023.06.25 4:26:15,690;-88;-19;-44
2023.06.25 4:26:15,940;-86;-17;-43
2023.06.25 4:26:16,190;-86;-17;-44
2023.06.25 4:26:16,440;-88;-17;-44
2023.06.25 4:26:16,690;-88;-17;-43
2023.06.25 4:26:16,940;-88;-17;-44
2023.06.25 4:26:17,190;-88;-19;-41
2023.06.25 4:26:17,440;-88;-16;-43
2023.06.25 4:26:17,690;-86;-17;-44
2023.06.25 4:26:17,940;-86;-19;-44
2023.06.25 4:26:18,190;-86;-17;-44
2023.06.25 4:26:18,440;-86;-20;-44
2023.06.25 4:26:18,690;-88;-17;-43
2023.06.25 4:26:18,940;-86;-17;-43
2023.06.25 4:26:19,190;-88;-17;-43
2023.06.25 4:26:19,440;-86;-19;-44
2023.06.25 4:26:19,690;-88;-19;-43
2023.06.25 4:26:19,940;-86;-17;-44
2023.06.25 4:26:20,190;-88;-16;-44
2023.06.25 4:26:20,440;-86;-16;-43
2023.06.25 4:26:20,690;-88;-19;-43
2023.06.25 4:26:20,940;-86;-17;-43
2023.06.25 4:26:21,190;-86;-19;-43
2023.06.25 4:26:21,440;-88;-17;-44
2023.06.25 4:26:21,690;-88;-19;-41
2023.06.25 4:26:21,940;-86;-19;-43
2023.06.25 4:26:22,190;-88;-19;-43
2023.06.25 4:26:22,440;-86;-17;-43
2023.06.25 4:26:22,690;-88;-17;-44
2023.06.25 4:26:22,940;-88;-16;-44
2023.06.25 4:26:23,190;-83;-17;-44
2023.06.25 4:26:23,440;-88;-20;-43
2023.06.25 4:26:23,690;-84;-19;-43
2023.06.25 4:26:23,940;-88;-19;-41
2023.06.25 4:26:24,190;-88;-14;-41
2023.06.25 4:26:24,440;-88;-17;-44
2023.06.25 4:26:24,690;-88;-16;-43
2023.06.25 4:26:24,940;-86;-19;-44
2023.06.25 4:26:25,190;-86;-19;-43
2023.06.25 4:26:25,440;-86;-20;-43
2023.06.25 4:26:25,690;-88;-17;-41
2023.06.25 4:26:25,940;-88;-17;-41
2023.06.25 4:26:26,190;-88;-17;-41
2023.06.25 4:26:26,440;-88;-17;-41
2023.06.25 4:26:26,690;-88;-17;-43
2023.06.25 4:26:26,940;-88;-16;-44
2023.06.25 4:26:27,190;-86;-16;-43
2023.06.25 4:26:27,520;-88;-17;-43
2023.06.25 4:26:27,770;-86;-16;-44
2023.06.25 4:26:28,20;-86;-16;-44
2023.06.25 4:26:28,270;-88;-17;-44
2023.06.25 4:26:28,530;-88;-17;-43
2023.06.25 4:26:28,780;-86;-17;-44
2023.06.25 4:26:29,30;-88;-16;-43
2023.06.25 4:26:29,280;-88;-16;-43
2023.06.25 4:26:29,530;-86;-14;-44
2023.06.25 4:26:29,780;-86;-17;-43
2023.06.25 4:26:30,30;-86;-19;-43
2023.06.25 4:26:30,280;-86;-17;-43
2023.06.25 4:26:30,530;-88;-19;-44
2023.06.25 4:26:30,780;-88;-17;-43
2023.06.25 4:26:31,30;-88;-16;-43
2023.06.25 4:26:31,280;-88;-17;-41
2023.06.25 4:26:31,530;-86;-17;-44
2023.06.25 4:26:31,780;-88;-17;-43
2023.06.25 4:26:32,30;-86;-17;-44
2023.06.25 4:26:32,280;-86;-16;-44
2023.06.25 4:26:32,530;-86;-17;-41
2023.06.25 4:26:32,780;-88;-17;-43
2023.06.25 4:26:33,30;-88;-19;-44
2023.06.25 4:26:33,280;-88;-17;-43
2023.06.25 4:26:33,530;-86;-14;-43
2023.06.25 4:26:33,780;-88;-16;-43
2023.06.25 4:26:34,30;-86;-14;-43
2023.06.25 4:26:34,280;-86;-17;-43
2023.06.25 4:26:34,540;-84;-17;-44
2023.06.25 4:26:34,790;-86;-17;-44
2023.06.25 4:26:35,40;-88;-16;-43
2023.06.25 4:26:35,290;-88;-17;-43
2023.06.25 4:26:35,540;-88;-17;-43
2023.06.25 4:26:35,790;-88;-19;-43
2023.06.25 4:26:36,40;-86;-19;-44
2023.06.25 4:26:36,290;-86;-16;-44
2023.06.25 4:26:36,540;-84;-16;-43
2023.06.25 4:26:36,790;-86;-19;-43
2023.06.25 4:26:37,40;-86;-17;-43
2023.06.25 4:26:37,290;-88;-19;-44
2023.06.25 4:26:37,540;-88;-14;-43
2023.06.25 4:26:37,790;-88;-17;-44
2023.06.25 4:26:38,40;-86;-16;-41
2023.06.25 4:26:38,290;-88;-17;-43
2023.06.25 4:26:38,540;-88;-17;-43
2023.06.25 4:26:38,790;-88;-17;-43
2023.06.25 4:26:39,40;-88;-16;-43
2023.06.25 4:26:39,290;-86;-16;-43
2023.06.25 4:26:39,540;-86;-16;-43
2023.06.25 4:26:39,790;-86;-19;-43
2023.06.25 4:26:40,40;-88;-19;-44
2023.06.25 4:26:40,290;-86;-14;-43
2023.06.25 4:26:40,540;-88;-16;-44
2023.06.25 4:26:40,790;-86;-14;-43
2023.06.25 4:26:41,40;-86;-17;-44
2023.06.25 4:26:41,290;-88;-19;-43
2023.06.25 4:26:41,540;-88;-19;-44
2023.06.25 4:26:41,790;-88;-16;-41
2023.06.25 4:26:42,40;-86;-19;-41
2023.06.25 4:26:42,290;-88;-16;-41
2023.06.25 4:26:42,540;-89;-19;-41
2023.06.25 4:26:42,790;-88;-17;-44
2023.06.25 4:26:43,40;-88;-16;-44
2023.06.25 4:26:43,290;-88;-17;-43
2023.06.25 4:26:43,540;-88;-16;-43
2023.06.25 4:26:43,790;-88;-17;-43
2023.06.25 4:26:44,40;-89;-19;-44
2023.06.25 4:26:44,290;-88;-17;-43
2023.06.25 4:26:44,540;-89;-16;-43
2023.06.25 4:26:44,790;-86;-17;-43
2023.06.25 4:26:45,40;-89;-16;-43
2023.06.25 4:26:45,290;-88;-17;-44
2023.06.25 4:26:45,540;-89;-17;-43
2023.06.25 4:26:45,790;-88;-20;-43
2023.06.25 4:26:46,40;-86;-20;-41
2023.06.25 4:26:46,290;-88;-19;-41
2023.06.25 4:26:46,540;-86;-20;-43
2023.06.25 4:26:46,800;-89;-19;-43
2023.06.25 4:26:47,50;-84;-20;-40
2023.06.25 4:26:47,300;-86;-20;-43
2023.06.25 4:26:47,550;-88;-32;-46
2023.06.25 4:26:47,800;-88;-22;-36
2023.06.25 4:26:48,50;-88;-24;-41
2023.06.25 4:26:48,300;-88;-22;-40
2023.06.25 4:26:48,550;-86;-20;-43
2023.06.25 4:26:48,800;-84;-25;-36
2023.06.25 4:26:49,50;-89;-22;-38
2023.06.25 4:26:49,300;-89;-20;-38
2023.06.25 4:26:49,550;-88;-20;-40
2023.06.25 4:26:49,800;-88;-22;-40
2023.06.25 4:26:50,50;-88;-20;-40
2023.06.25 4:26:50,300;-88;-22;-41
2023.06.25 4:26:50,550;-88;-20;-40
2023.06.25 4:26:50,800;-89;-22;-40
2023.06.25 4:26:51,50;-88;-20;-41
2023.06.25 4:26:51,300;-89;-20;-41
2023.06.25 4:26:51,550;-88;-20;-43
2023.06.25 4:26:51,800;-86;-19;-41
2023.06.25 4:26:52,50;-88;-20;-40
2023.06.25 4:26:52,300;-88;-19;-40
2023.06.25 4:26:52,550;-89;-19;-40
2023.06.25 4:26:52,800;-88;-19;-41
2023.06.25 4:26:53,50;-86;-19;-41
2023.06.25 4:26:53,300;-88;-19;-43
2023.06.25 4:26:53,550;-84;-19;-41
2023.06.25 4:26:53,800;-88;-20;-38
2023.06.25 4:26:54,50;-88;-20;-40
2023.06.25 4:26:54,300;-91;-20;-38
2023.06.25 4:26:54,550;-88;-19;-40
2023.06.25 4:26:54,800;-89;-19;-40
2023.06.25 4:26:55,50;-88;-19;-41
2023.06.25 4:26:55,300;-86;-20;-38
2023.06.25 4:26:55,630;-86;-19;-43
2023.06.25 4:26:55,880;-86;-19;-41
2023.06.25 4:26:56,130;-88;-20;-41
2023.06.25 4:26:56,380;-88;-20;-41
2023.06.25 4:26:56,630;-88;-19;-41
2023.06.25 4:26:56,880;-88;-19;-41
2023.06.25 4:26:57,130;-88;-19;-40
2023.06.25 4:26:57,380;-88;-19;-41
2023.06.25 4:26:57,630;-88;-19;-41
2023.06.25 4:26:57,880;-88;-19;-41
2023.06.25 4:26:58,130;-88;-17;-41
2023.06.25 4:26:58,380;-86;-19;-43
2023.06.25 4:26:58,630;-88;-17;-41
2023.06.25 4:26:58,880;-88;-19;-43
2023.06.25 4:26:59,130;-88;-17;-43
2023.06.25 4:26:59,380;-88;-17;-41
2023.06.25 4:26:59,630;-88;-19;-41
2023.06.25 4:26:59,880;-88;-19;-43
2023.06.25 4:27:0,130;-86;-17;-43
2023.06.25 4:27:0,380;-88;-16;-43
2023.06.25 4:27:0,630;-88;-19;-43
2023.06.25 4:27:0,880;-88;-19;-43
2023.06.25 4:27:10,400;-86;-20;-41
2023.06.25 4:27:10,650;-86;-17;-41
2023.06.25 4:27:10,900;-88;-19;-43
2023.06.25 4:27:11,150;-88;-20;-43
2023.06.25 4:27:11,400;-86;-17;-41
2023.06.25 4:27:11,650;-88;-17;-40
2023.06.25 4:27:11,900;-91;-19;-41
2023.06.25 4:27:12,150;-89;-19;-40
2023.06.25 4:27:12,400;-86;-17;-41
2023.06.25 4:27:12,650;-88;-19;-41
2023.06.25 4:27:12,900;-88;-17;-40
2023.06.25 4:27:13,150;-88;-19;-40
2023.06.25 4:27:13,400;-89;-19;-41
2023.06.25 4:27:13,650;-89;-17;-41
2023.06.25 4:27:13,900;-88;-17;-41
2023.06.25 4:27:14,150;-89;-19;-40
2023.06.25 4:27:14,400;-88;-17;-38
2023.06.25 4:27:14,650;-89;-16;-40
2023.06.25 4:27:14,900;-89;-17;-41
2023.06.25 4:27:15,150;-88;-16;-41
2023.06.25 4:27:15,400;-89;-19;-46
2023.06.25 4:27:15,650;-88;-17;-44
2023.06.25 4:27:15,900;-88;-19;-44
2023.06.25 4:27:16,150;-88;-24;-43
2023.06.25 4:27:16,400;-86;-25;-43
2023.06.25 4:27:16,650;-84;-24;-40
2023.06.25 4:27:16,900;-86;-25;-43
2023.06.25 4:27:17,150;-84;-27;-41
2023.06.25 4:27:17,400;-86;-27;-43
2023.06.25 4:27:17,650;-89;-25;-36
2023.06.25 4:27:17,900;-88;-24;-36
2023.06.25 4:27:18,150;-89;-20;-38
2023.06.25 4:27:18,400;-89;-22;-33
2023.06.25 4:27:18,650;-88;-20;-38
2023.06.25 4:27:18,900;-89;-20;-36
2023.06.25 4:27:19,150;-89;-19;-35
2023.06.25 4:27:19,400;-89;-20;-38
2023.06.25 4:27:19,650;-89;-22;-35
2023.06.25 4:27:19,900;-91;-16;-36
2023.06.25 4:27:20,150;-89;-20;-38
2023.06.25 4:27:20,400;-89;-20;-36
2023.06.25 4:27:20,650;-91;-17;-36
2023.06.25 4:27:20,900;-88;-19;-40
2023.06.25 4:27:21,150;-91;-20;-35
2023.06.25 4:27:21,400;-91;-19;-36
2023.06.25 4:27:21,650;-88;-22;-35
2023.06.25 4:27:21,900;-89;-24;-33
2023.06.25 4:27:22,150;-89;-24;-35
2023.06.25 4:27:22,400;-91;-20;-36
2023.06.25 4:27:22,650;-89;-20;-35
2023.06.25 4:27:22,900;-91;-14;-41
2023.06.25 4:27:23,150;-92;-20;-35
2023.06.25 4:27:23,400;-88;-25;-30
2023.06.25 4:27:23,730;-94;-19;-36
2023.06.25 4:27:23,980;-88;-17;-30
2023.06.25 4:27:24,230;-89;-22;-36
2023.06.25 4:27:24,480;-91;-28;-30
2023.06.25 4:27:24,740;-84;-27;-33
2023.06.25 4:27:24,990;-89;-28;-35
2023.06.25 4:27:25,240;-88;-28;-33
2023.06.25 4:27:25,490;-89;-25;-32
2023.06.25 4:27:25,740;-89;-25;-33
2023.06.25 4:27:25,990;-88;-27;-38
2023.06.25 4:27:26,240;-88;-27;-30
2023.06.25 4:27:26,490;-88;-35;-32
2023.06.25 4:27:26,740;-84;-36;-32
2023.06.25 4:27:26,990;-88;-35;-32
2023.06.25 4:27:27,240;-86;-36;-32
2023.06.25 4:27:27,490;-84;-33;-32
2023.06.25 4:27:27,740;-89;-32;-30
2023.06.25 4:27:27,990;-86;-32;-30
2023.06.25 4:27:28,240;-89;-32;-30
2023.06.25 4:27:28,490;-88;-32;-28
2023.06.25 4:27:28,740;-86;-30;-30
2023.06.25 4:27:28,990;-88;-32;-32
2023.06.25 4:27:29,240;-92;-28;-30
2023.06.25 4:27:29,490;-89;-28;-30
2023.06.25 4:27:29,750;-89;-33;-30
2023.06.25 4:27:30,0;-91;-28;-33
2023.06.25 4:27:30,250;-94;-27;-32
2023.06.25 4:27:30,500;-94;-25;-32
2023.06.25 4:27:30,750;-91;-27;-33
2023.06.25 4:27:31,0;-89;-27;-32
2023.06.25 4:27:31,250;-94;-25;-32
2023.06.25 4:27:31,500;-96;-27;-35
2023.06.25 4:27:31,750;-91;-27;-35
2023.06.25 4:27:32,0;-89;-27;-32
2023.06.25 4:27:32,250;-89;-25;-32
2023.06.25 4:27:32,500;-92;-30;-35
2023.06.25 4:27:32,750;-89;-27;-35
2023.06.25 4:27:33,0;-91;-27;-32
2023.06.25 4:27:33,250;-88;-27;-33
2023.06.25 4:27:33,500;-84;-30;-33
2023.06.25 4:27:33,750;-86;-28;-32
2023.06.25 4:27:34,0;-89;-27;-33
2023.06.25 4:27:34,250;-91;-25;-33
2023.06.25 4:27:34,500;-83;-28;-33
2023.06.25 4:27:34,750;-86;-28;-33
2023.06.25 4:27:35,0;-88;-27;-30
2023.06.25 4:27:35,250;-88;-27;-30
2023.06.25 4:27:35,500;-91;-25;-33
2023.06.25 4:27:35,750;-92;-24;-32
2023.06.25 4:27:36,0;-88;-27;-32
2023.06.25 4:27:36,250;-88;-27;-32
2023.06.25 4:27:36,500;-92;-27;-30
2023.06.25 4:27:36,750;-92;-28;-33
2023.06.25 4:27:37,0;-89;-28;-30
2023.06.25 4:27:37,250;-89;-27;-33
2023.06.25 4:27:37,500;-89;-27;-30
2023.06.25 4:27:37,750;-92;-25;-32
2023.06.25 4:27:38,0;-88;-27;-33
2023.06.25 4:27:47,510;-84;-28;-33
2023.06.25 4:27:47,760;-88;-28;-32
2023.06.25 4:27:48,10;-88;-30;-35
2023.06.25 4:27:48,260;-89;-27;-32
2023.06.25 4:27:48,510;-89;-33;-35
2023.06.25 4:27:48,760;-88;-28;-33
2023.06.25 4:27:49,10;-89;-27;-33
2023.06.25 4:27:49,260;-89;-27;-33
2023.06.25 4:27:49,510;-91;-28;-32
2023.06.25 4:27:49,760;-89;-28;-33
2023.06.25 4:27:50,10;-89;-27;-33
2023.06.25 4:27:50,260;-89;-25;-33
2023.06.25 4:27:50,510;-91;-24;-35
2023.06.25 4:27:50,840;-86;-27;-32
2023.06.25 4:27:51,90;-89;-28;-33
2023.06.25 4:27:51,340;-91;-32;-32
2023.06.25 4:27:51,590;-86;-28;-35
2023.06.25 4:27:51,840;-89;-28;-32
2023.06.25 4:27:52,90;-89;-27;-32
2023.06.25 4:27:52,340;-96;-32;-30
2023.06.25 4:27:52,590;-91;-25;-30
2023.06.25 4:27:52,840;-92;-27;-35
2023.06.25 4:27:53,90;-94;-27;-32
2023.06.25 4:27:53,340;-92;-27;-33
2023.06.25 4:27:53,590;-88;-24;-32
2023.06.25 4:27:53,840;-91;-25;-33
2023.06.25 4:27:54,90;-88;-25;-36
2023.06.25 4:27:54,340;-91;-22;-38
2023.06.25 4:27:54,590;-89;-22;-35
2023.06.25 4:27:54,840;-88;-20;-35
2023.06.25 4:27:55,90;-92;-22;-35
2023.06.25 4:27:55,340;-89;-32;-28
2023.06.25 4:27:55,590;-89;-20;-40
2023.06.25 4:27:55,840;-88;-24;-30
2023.06.25 4:27:56,90;-89;-24;-35
2023.06.25 4:27:56,340;-91;-20;-35
2023.06.25 4:27:56,590;-91;-20;-35
2023.06.25 4:27:56,840;-89;-24;-33
2023.06.25 4:27:57,90;-89;-22;-33
2023.06.25 4:27:57,340;-91;-20;-36
2023.06.25 4:27:57,590;-91;-22;-38
2023.06.25 4:27:57,860;-91;-22;-36
2023.06.25 4:27:58,110;-89;-22;-38
2023.06.25 4:27:58,360;-91;-24;-38
2023.06.25 4:27:58,610;-88;-24;-35
2023.06.25 4:27:58,860;-89;-22;-38
2023.06.25 4:27:59,110;-91;-24;-32
2023.06.25 4:27:59,360;-88;-24;-32
2023.06.25 4:27:59,610;-97;-27;-36
2023.06.25 4:27:59,860;-88;-24;-36
2023.06.25 4:28:0,110;-88;-24;-38
2023.06.25 4:28:0,360;-88;-27;-35
2023.06.25 4:28:0,610;-86;-28;-38
2023.06.25 4:28:0,860;-86;-27;-33
2023.06.25 4:28:1,110;-89;-24;-33
2023.06.25 4:28:1,360;-92;-24;-35
2023.06.25 4:28:1,610;-92;-22;-35
2023.06.25 4:28:1,860;-91;-24;-33
2023.06.25 4:28:2,110;-92;-25;-33
2023.06.25 4:28:2,360;-91;-27;-36
2023.06.25 4:28:2,610;-88;-22;-32
2023.06.25 4:28:2,860;-88;-24;-33
2023.06.25 4:28:3,110;-88;-32;-38
2023.06.25 4:28:3,360;-86;-28;-35
2023.06.25 4:28:3,610;-91;-24;-33
2023.06.25 4:28:3,860;-91;-22;-32
2023.06.25 4:28:4,110;-92;-20;-33
2023.06.25 4:28:4,360;-88;-25;-35
2023.06.25 4:28:4,610;-89;-22;-32
2023.06.25 4:28:4,860;-88;-28;-36
2023.06.25 4:28:5,110;-84;-25;-33
2023.06.25 4:28:5,360;-92;-25;-33
2023.06.25 4:28:5,610;-86;-27;-35
2023.06.25 4:28:5,860;-89;-27;-35
2023.06.25 4:28:6,110;-88;-25;-33
2023.06.25 4:28:6,360;-91;-25;-35
2023.06.25 4:28:6,610;-88;-28;-35
2023.06.25 4:28:6,860;-88;-28;-40
2023.06.25 4:28:7,110;-89;-32;-35
2023.06.25 4:28:7,360;-80;-38;-36
2023.06.25 4:28:7,610;-86;-32;-35
2023.06.25 4:28:7,860;-88;-35;-35
2023.06.25 4:28:8,110;-86;-33;-33
2023.06.25 4:28:8,360;-81;-38;-38
2023.06.25 4:28:8,610;-83;-33;-33
2023.06.25 4:28:8,860;-89;-33;-32
2023.06.25 4:28:9,110;-88;-32;-35
2023.06.25 4:28:9,360;-91;-33;-36
2023.06.25 4:28:9,610;-86;-32;-33
2023.06.25 4:28:9,860;-89;-30;-33
2023.06.25 4:28:10,110;-89;-30;-32
2023.06.25 4:28:10,360;-92;-30;-35
2023.06.25 4:28:10,610;-89;-30;-32
2023.06.25 4:28:10,860;-91;-27;-33
2023.06.25 4:28:11,110;-89;-25;-33
2023.06.25 4:28:11,360;-91;-25;-35
2023.06.25 4:28:11,610;-86;-28;-32
2023.06.25 4:28:11,860;-86;-28;-33
2023.06.25 4:28:12,110;-86;-36;-36
2023.06.25 4:28:12,360;-84;-30;-35
2023.06.25 4:28:12,610;-88;-28;-32
2023.06.25 4:28:12,860;-94;-27;-33
2023.06.25 4:28:13,110;-92;-25;-35
2023.06.25 4:28:13,360;-88;-27;-33
2023.06.25 4:28:13,610;-89;-27;-33
2023.06.25 4:28:13,860;-88;-36;-33
2023.06.25 4:28:14,110;-84;-32;-32
2023.06.25 4:28:14,360;-88;-32;-35
2023.06.25 4:28:14,610;-91;-25;-33
2023.06.25 4:28:14,860;-92;-22;-35
2023.06.25 4:28:15,110;-84;-27;-33
2023.06.25 4:28:15,360;-89;-27;-33
2023.06.25 4:28:15,610;-89;-33;-33
2023.06.25 4:28:15,860;-88;-28;-33
2023.06.25 4:28:16,110;-86;-28;-32
2023.06.25 4:28:16,360;-92;-27;-33
2023.06.25 4:28:16,610;-94;-24;-33
2023.06.25 4:28:16,860;-88;-25;-33
2023.06.25 4:28:17,110;-91;-27;-33
2023.06.25 4:28:17,360;-81;-28;-36
2023.06.25 4:28:17,610;-86;-28;-33
2023.06.25 4:28:17,860;-88;-25;-32
2023.06.25 4:28:18,110;-91;-27;-35
2023.06.25 4:28:18,360;-91;-22;-35
2023.06.25 4:28:18,610;-86;-25;-33
2023.06.25 4:28:18,940;-91;-24;-32
2023.06.25 4:28:19,190;-92;-22;-33
2023.06.25 4:28:19,440;-89;-27;-33
2023.06.25 4:28:19,690;-89;-27;-32
2023.06.25 4:28:19,950;-83;-32;-35
2023.06.25 4:28:20,200;-86;-32;-33
2023.06.25 4:28:20,450;-91;-28;-36
2023.06.25 4:28:20,700;-84;-22;-32
2023.06.25 4:28:20,950;-88;-24;-33
2023.06.25 4:28:21,200;-88;-28;-33
2023.06.25 4:28:21,450;-91;-25;-35
2023.06.25 4:28:21,700;-94;-27;-35
2023.06.25 4:28:21,950;-88;-27;-32
2023.06.25 4:28:22,200;-89;-27;-32
2023.06.25 4:28:22,450;-92;-24;-40
2023.06.25 4:28:22,700;-92;-27;-48
2023.06.25 4:28:22,950;-89;-8;-48
2023.06.25 4:28:23,200;-88;-24;-35
2023.06.25 4:28:23,450;-91;-19;-41
2023.06.25 4:28:23,700;-92;-17;-36
2023.06.25 4:28:23,950;-86;-17;-38
2023.06.25 4:28:24,200;-91;-17;-35
2023.06.25 4:28:24,450;-88;-20;-40
2023.06.25 4:28:24,700;-89;-17;-36
2023.06.25 4:28:24,950;-91;-19;-40
2023.06.25 4:28:25,200;-89;-19;-36
2023.06.25 4:28:25,450;-88;-16;-38
2023.06.25 4:28:25,700;-88;-20;-38
2023.06.25 4:28:25,960;-92;-16;-41
2023.06.25 4:28:26,210;-92;-16;-38
2023.06.25 4:28:26,460;-86;-25;-30
2023.06.25 4:28:26,710;-88;-17;-38
2023.06.25 4:28:26,960;-97;-27;-38
2023.06.25 4:28:27,210;-89;-24;-35
2023.06.25 4:28:27,460;-89;-20;-36
2023.06.25 4:28:27,710;-88;-20;-36
2023.06.25 4:28:27,960;-86;-27;-40
2023.06.25 4:28:28,210;-89;-19;-36
2023.06.25 4:28:28,460;-89;-17;-35
2023.06.25 4:28:28,710;-88;-17;-38
2023.06.25 4:28:28,960;-92;-16;-35
2023.06.25 4:28:29,210;-86;-19;-38
2023.06.25 4:28:29,460;-89;-22;-35
2023.06.25 4:28:29,710;-91;-22;-36
2023.06.25 4:28:29,960;-91;-17;-36
2023.06.25 4:28:30,210;-89;-17;-35
2023.06.25 4:28:30,460;-88;-20;-33
2023.06.25 4:28:30,710;-88;-24;-40
2023.06.25 4:28:30,960;-91;-20;-38
2023.06.25 4:28:31,210;-91;-20;-36
2023.06.25 4:28:31,460;-88;-17;-36
2023.06.25 4:28:31,710;-91;-16;-35
2023.06.25 4:28:31,960;-86;-17;-35
2023.06.25 4:28:32,210;-92;-19;-35
2023.06.25 4:28:32,460;-88;-25;-40
2023.06.25 4:28:32,710;-88;-24;-35
2023.06.25 4:28:32,960;-89;-22;-36
2023.06.25 4:28:33,210;-91;-20;-35
2023.06.25 4:28:33,460;-92;-17;-35
2023.06.25 4:28:33,710;-89;-22;-36
2023.06.25 4:28:33,960;-89;-20;-35
2023.06.25 4:28:34,210;-91;-20;-33
2023.06.25 4:28:34,460;-92;-19;-35
2023.06.25 4:28:34,710;-89;-20;-36
2023.06.25 4:28:34,960;-92;-19;-35
2023.06.25 4:28:35,210;-86;-20;-38
2023.06.25 4:28:35,460;-91;-20;-38
2023.06.25 4:28:35,710;-91;-24;-38
2023.06.25 4:28:35,960;-88;-19;-38
2023.06.25 4:28:36,210;-89;-22;-38
2023.06.25 4:28:36,460;-89;-24;-36
2023.06.25 4:28:36,710;-89;-22;-36
2023.06.25 4:28:36,960;-89;-22;-33
2023.06.25 4:28:37,210;-92;-22;-36
2023.06.25 4:28:37,460;-88;-19;-35
2023.06.25 4:28:37,710;-89;-19;-35
2023.06.25 4:28:37,960;-83;-24;-40
2023.06.25 4:28:38,220;-89;-20;-38
2023.06.25 4:28:38,470;-91;-22;-35
2023.06.25 4:28:38,720;-88;-24;-38
2023.06.25 4:28:38,970;-91;-24;-36
2023.06.25 4:28:39,220;-89;-25;-38
2023.06.25 4:28:39,470;-89;-20;-36
2023.06.25 4:28:39,720;-84;-19;-35
2023.06.25 4:28:39,970;-91;-17;-35
2023.06.25 4:28:40,220;-88;-17;-33
2023.06.25 4:28:40,470;-89;-20;-33
2023.06.25 4:28:40,720;-86;-25;-38
2023.06.25 4:28:40,970;-89;-22;-38
2023.06.25 4:28:41,220;-91;-20;-36
2023.06.25 4:28:41,470;-89;-24;-36
2023.06.25 4:28:41,720;-92;-24;-35
2023.06.25 4:28:41,970;-91;-24;-38
2023.06.25 4:28:42,220;-89;-24;-35
2023.06.25 4:28:42,470;-83;-22;-36
2023.06.25 4:28:42,720;-92;-20;-38
2023.06.25 4:28:42,970;-88;-19;-36
2023.06.25 4:28:43,220;-88;-20;-33
2023.06.25 4:28:43,470;-92;-25;-38
2023.06.25 4:28:43,720;-88;-22;-36
2023.06.25 4:28:43,970;-91;-25;-35
2023.06.25 4:28:44,220;-91;-22;-33
2023.06.25 4:28:44,470;-88;-19;-33
2023.06.25 4:28:44,720;-88;-20;-33
2023.06.25 4:28:44,970;-89;-20;-36
2023.06.25 4:28:45,220;-86;-24;-36
2023.06.25 4:28:45,470;-89;-24;-33
2023.06.25 4:28:45,720;-89;-22;-35
2023.06.25 4:28:45,970;-91;-24;-38
2023.06.25 4:28:46,220;-91;-22;-38
2023.06.25 4:28:46,470;-88;-22;-33
2023.06.25 4:28:46,720;-91;-22;-35
2023.06.25 4:28:47,50;-88;-22;-36
2023.06.25 4:28:47,300;-89;-20;-36
2023.06.25 4:28:47,550;-92;-22;-36
2023.06.25 4:28:47,800;-92;-20;-36
2023.06.25 4:28:48,50;-89;-17;-35
2023.06.25 4:28:48,300;-89;-22;-33
2023.06.25 4:28:48,550;-91;-22;-38
2023.06.25 4:28:48,800;-89;-17;-33
2023.06.25 4:28:49,50;-88;-17;-32
2023.06.25 4:28:49,300;-88;-19;-36
2023.06.25 4:28:49,550;-86;-20;-36
2023.06.25 4:28:49,800;-94;-27;-41
2023.06.25 4:28:50,50;-88;-24;-36
2023.06.25 4:28:50,300;-92;-22;-36
2023.06.25 4:28:50,550;-94;-20;-35
2023.06.25 4:28:50,800;-91;-20;-35
2023.06.25 4:28:51,50;-89;-24;-35
2023.06.25 4:28:51,300;-91;-22;-33
2023.06.25 4:28:51,550;-83;-22;-35
2023.06.25 4:28:51,800;-91;-24;-35
2023.06.25 4:28:52,50;-91;-22;-40
2023.06.25 4:28:52,300;-89;-20;-38
2023.06.25 4:28:52,550;-92;-19;-33
2023.06.25 4:28:52,800;-86;-22;-38
2023.06.25 4:28:53,50;-92;-22;-36
2023.06.25 4:28:53,300;-88;-17;-36
2023.06.25 4:28:53,550;-89;-19;-38
2023.06.25 4:28:53,800;-84;-20;-33
2023.06.25 4:28:54,70;-91;-22;-36
2023.06.25 4:28:54,320;-89;-25;-40
2023.06.25 4:28:54,570;-88;-25;-33
2023.06.25 4:28:54,820;-91;-24;-36
2023.06.25 4:28:55,70;-91;-22;-36
2023.06.25 4:28:55,320;-91;-16;-38
2023.06.25 4:28:55,570;-91;-22;-35
2023.06.25 4:28:55,820;-89;-24;-36
2023.06.25 4:28:56,70;-89;-16;-36
2023.06.25 4:28:56,320;-91;-14;-36
2023.06.25 4:28:56,570;-88;-20;-33
2023.06.25 4:28:56,820;-89;-25;-33
2023.06.25 4:28:57,70;-91;-27;-35
2023.06.25 4:28:57,320;-86;-28;-32
2023.06.25 4:28:57,570;-88;-27;-30
2023.06.25 4:28:57,820;-91;-22;-36
2023.06.25 4:28:58,70;-91;-16;-38
2023.06.25 4:28:58,320;-88;-20;-35
2023.06.25 4:28:58,570;-91;-22;-36
2023.06.25 4:28:58,820;-84;-25;-38
2023.06.25 4:28:59,70;-88;-24;-35
2023.06.25 4:28:59,320;-91;-22;-35
2023.06.25 4:28:59,570;-88;-20;-35
2023.06.25 4:28:59,820;-89;-24;-38
2023.06.25 4:29:0,70;-88;-24;-36
2023.06.25 4:29:0,320;-86;-17;-32
2023.06.25 4:29:0,570;-84;-17;-41
2023.06.25 4:29:0,820;-94;-19;-35
2023.06.25 4:29:1,70;-92;-19;-38
2023.06.25 4:29:1,320;-89;-19;-36
2023.06.25 4:29:1,570;-91;-16;-36
2023.06.25 4:29:1,820;-88;-20;-36
2023.06.25 4:29:2,70;-91;-17;-36
2023.06.25 4:29:2,320;-88;-22;-41
2023.06.25 4:29:2,570;-89;-19;-35
2023.06.25 4:29:2,820;-91;-19;-36
2023.06.25 4:29:3,70;-89;-17;-38
2023.06.25 4:29:3,320;-92;-14;-36
2023.06.25 4:29:3,570;-86;-19;-36
2023.06.25 4:29:3,820;-89;-24;-36
2023.06.25 4:29:4,70;-86;-25;-40
2023.06.25 4:29:4,320;-94;-22;-40
2023.06.25 4:29:4,570;-89;-17;-38
2023.06.25 4:29:4,820;-89;-19;-38
2023.06.25 4:29:5,70;-91;-20;-38
2023.06.25 4:29:5,320;-88;-24;-36
2023.06.25 4:29:5,570;-91;-22;-36
2023.06.25 4:29:5,820;-88;-17;-35
2023.06.25 4:29:6,70;-94;-17;-35
2023.06.25 4:29:6,320;-86;-16;-35
2023.06.25 4:29:6,570;-92;-17;-40
2023.06.25 4:29:6,820;-88;-20;-38
2023.06.25 4:29:7,70;-89;-20;-36
2023.06.25 4:29:7,320;-91;-19;-38
2023.06.25 4:29:7,570;-88;-22;-38
2023.06.25 4:29:7,820;-91;-17;-36
2023.06.25 4:29:8,70;-89;-12;-33
2023.06.25 4:29:8,320;-94;-25;-33
2023.06.25 4:29:8,570;-91;-19;-36
2023.06.25 4:29:8,820;-89;-20;-36
2023.06.25 4:29:9,70;-91;-19;-36
2023.06.25 4:29:9,320;-91;-19;-36
2023.06.25 4:29:9,570;-91;-19;-38
2023.06.25 4:29:9,820;-89;-19;-35
2023.06.25 4:29:10,70;-91;-22;-36
2023.06.25 4:29:10,320;-89;-17;-38
2023.06.25 4:29:10,570;-88;-16;-38
2023.06.25 4:29:10,820;-89;-19;-38
2023.06.25 4:29:20,410;-88;-22;-36
2023.06.25 4:29:20,660;-91;-24;-36
2023.06.25 4:29:20,910;-91;-19;-35
2023.06.25 4:29:21,170;-92;-17;-35
2023.06.25 4:29:21,420;-84;-22;-35
2023.06.25 4:29:21,670;-92;-22;-36
2023.06.25 4:29:21,920;-91;-25;-38
2023.06.25 4:29:22,170;-86;-24;-35
2023.06.25 4:29:22,420;-92;-25;-35
2023.06.25 4:29:22,670;-94;-22;-35
2023.06.25 4:29:22,920;-92;-17;-35
2023.06.25 4:29:23,170;-89;-20;-35
2023.06.25 4:29:23,420;-89;-19;-35
2023.06.25 4:29:23,670;-88;-24;-36
2023.06.25 4:29:23,920;-88;-22;-33
2023.06.25 4:29:24,170;-91;-22;-38
2023.06.25 4:29:24,420;-89;-20;-38
2023.06.25 4:29:24,670;-92;-20;-36
2023.06.25 4:29:24,920;-88;-22;-32
2023.06.25 4:29:25,170;-91;-20;-36
2023.06.25 4:29:25,420;-89;-19;-36
2023.06.25 4:29:25,670;-91;-17;-36
2023.06.25 4:29:25,920;-88;-20;-35
2023.06.25 4:29:26,170;-94;-20;-38
2023.06.25 4:29:26,420;-86;-20;-35
2023.06.25 4:29:26,670;-89;-19;-33
2023.06.25 4:29:26,920;-88;-22;-35
2023.06.25 4:29:27,170;-88;-20;-36
2023.06.25 4:29:27,420;-91;-25;-41
2023.06.25 4:29:27,670;-86;-24;-36
2023.06.25 4:29:27,920;-91;-25;-38
2023.06.25 4:29:28,170;-89;-19;-35
2023.06.25 4:29:28,420;-94;-19;-35
2023.06.25 4:29:28,670;-91;-22;-35
2023.06.25 4:29:28,920;-91;-20;-36
2023.06.25 4:29:29,170;-83;-22;-36
2023.06.25 4:29:29,420;-86;-22;-33
2023.06.25 4:29:48,260;-88;-19;-35
2023.06.25 4:29:48,510;-91;-20;-36
2023.06.25 4:29:48,760;-86;-22;-38
2023.06.25 4:29:49,10;-88;-22;-36
2023.06.25 4:29:49,280;-89;-19;-36
2023.06.25 4:29:49,530;-91;-20;-35
2023.06.25 4:29:49,780;-96;-16;-38
2023.06.25 4:29:50,30;-88;-20;-35
2023.06.25 4:29:50,280;-89;-19;-33
2023.06.25 4:29:50,530;-86;-28;-40
2023.06.25 4:29:50,780;-86;-24;-36
2023.06.25 4:29:51,30;-89;-24;-35
2023.06.25 4:29:51,280;-88;-20;-35
2023.06.25 4:29:51,530;-91;-27;-38
2023.06.25 4:29:51,780;-88;-22;-35
2023.06.25 4:29:52,30;-91;-24;-36
2023.06.25 4:29:52,280;-89;-20;-32
2023.06.25 4:29:52,530;-92;-19;-35
2023.06.25 4:29:52,780;-86;-17;-35
2023.06.25 4:29:53,30;-91;-17;-33
2023.06.25 4:29:53,280;-91;-27;-40
2023.06.25 4:29:53,530;-89;-24;-35
2023.06.25 4:29:53,780;-91;-22;-35
2023.06.25 4:29:54,30;-91;-20;-35
2023.06.25 4:29:54,280;-92;-17;-33
2023.06.25 4:29:54,530;-91;-20;-36
2023.06.25 4:29:54,780;-88;-17;-35
2023.06.25 4:29:55,30;-88;-24;-38
2023.06.25 4:29:55,280;-88;-24;-36
2023.06.25 4:29:55,530;-89;-22;-38
2023.06.25 4:29:55,780;-92;-24;-35
2023.06.25 4:29:56,30;-91;-19;-36
2023.06.25 4:29:56,280;-91;-24;-33
2023.06.25 4:29:56,530;-91;-20;-36
2023.06.25 4:29:56,780;-88;-27;-41
2023.06.25 4:29:57,30;-86;-22;-35
2023.06.25 4:29:57,280;-91;-24;-35
2023.06.25 4:30:6,780;-91;-22;-36
2023.06.25 4:30:7,30;-92;-24;-36
2023.06.25 4:30:7,280;-88;-24;-33
2023.06.25 4:30:7,530;-91;-22;-36
2023.06.25 4:30:7,780;-86;-20;-38
2023.06.25 4:30:8,30;-91;-19;-36
2023.06.25 4:30:8,280;-89;-22;-35
2023.06.25 4:30:8,530;-91;-19;-36
2023.06.25 4:30:8,780;-89;-24;-43
2023.06.25 4:30:9,30;-86;-24;-38
2023.06.25 4:30:9,280;-91;-24;-38
2023.06.25 4:30:9,530;-91;-24;-35
2023.06.25 4:30:9,780;-91;-17;-35
2023.06.25 4:30:10,30;-84;-20;-33
2023.06.25 4:30:10,360;-91;-19;-35
2023.06.25 4:30:10,610;-94;-19;-35
2023.06.25 4:30:10,860;-89;-20;-33
2023.06.25 4:30:11,110;-89;-22;-33
2023.06.25 4:30:11,370;-89;-27;-40
2023.06.25 4:30:11,620;-92;-25;-35
2023.06.25 4:30:11,870;-91;-22;-35
2023.06.25 4:30:12,120;-84;-28;-40
2023.06.25 4:30:12,370;-86;-20;-33
2023.06.25 4:30:12,620;-83;-22;-32
2023.06.25 4:30:12,870;-88;-24;-33
2023.06.25 4:30:13,120;-91;-25;-38
2023.06.25 4:30:13,370;-86;-25;-35
2023.06.25 4:30:13,620;-89;-27;-35
2023.06.25 4:30:13,870;-89;-22;-35
2023.06.25 4:30:14,120;-91;-17;-35
2023.06.25 4:30:14,370;-88;-20;-33
2023.06.25 4:30:14,620;-91;-20;-36
2023.06.25 4:30:14,870;-88;-28;-40
2023.06.25 4:30:15,120;-88;-24;-35
2023.06.25 4:30:15,370;-91;-25;-35
2023.06.25 4:30:15,620;-88;-22;-33
2023.06.25 4:30:15,870;-92;-19;-36
2023.06.25 4:30:16,120;-84;-19;-35
2023.06.25 4:30:16,370;-88;-19;-32
2023.06.25 4:30:16,620;-88;-28;-36
2023.06.25 4:30:16,870;-89;-24;-36
2023.06.25 4:30:17,120;-91;-22;-38
2023.06.25 4:30:17,380;-86;-20;-35
2023.06.25 4:30:17,630;-89;-19;-35
2023.06.25 4:30:17,880;-88;-20;-33
2023.06.25 4:30:18,130;-88;-22;-35
2023.06.25 4:30:18,380;-91;-27;-38
2023.06.25 4:30:18,630;-88;-25;-33
2023.06.25 4:30:18,880;-88;-24;-36
2023.06.25 4:30:19,130;-91;-22;-35
2023.06.25 4:30:19,380;-94;-17;-35
2023.06.25 4:30:19,630;-88;-17;-35
2023.06.25 4:30:19,880;-91;-22;-36
2023.06.25 4:30:20,130;-86;-22;-38
2023.06.25 4:30:20,380;-89;-19;-35
2023.06.25 4:30:20,630;-88;-20;-35
2023.06.25 4:30:20,880;-91;-24;-35
2023.06.25 4:30:21,130;-91;-24;-36
2023.06.25 4:30:21,380;-89;-22;-35
2023.06.25 4:30:21,630;-89;-22;-33
2023.06.25 4:30:21,880;-84;-22;-38
2023.06.25 4:30:22,130;-89;-19;-36
2023.06.25 4:30:22,380;-88;-22;-36
2023.06.25 4:30:22,630;-91;-22;-36
2023.06.25 4:30:22,880;-92;-25;-38
2023.06.25 4:30:23,130;-88;-25;-36
2023.06.25 4:30:23,380;-91;-25;-36
2023.06.25 4:30:23,630;-89;-22;-35
2023.06.25 4:30:23,880;-92;-17;-35
2023.06.25 4:30:24,130;-91;-20;-35
2023.06.25 4:30:24,380;-89;-22;-33
2023.06.25 4:30:24,630;-88;-27;-41
2023.06.25 4:30:24,880;-89;-25;-36
2023.06.25 4:30:25,130;-89;-20;-36
2023.06.25 4:30:25,380;-91;-25;-35
2023.06.25 4:30:25,630;-94;-24;-36
2023.06.25 4:30:25,880;-92;-22;-36
2023.06.25 4:30:26,130;-91;-20;-35
2023.06.25 4:30:26,380;-89;-19;-33
2023.06.25 4:30:26,630;-89;-17;-33
2023.06.25 4:30:26,880;-88;-19;-32
2023.06.25 4:30:27,130;-88;-20;-35
2023.06.25 4:30:27,380;-91;-30;-40
2023.06.25 4:30:27,630;-91;-24;-36
2023.06.25 4:30:27,880;-91;-24;-36
2023.06.25 4:30:28,130;-86;-20;-35
2023.06.25 4:30:28,380;-89;-19;-33
2023.06.25 4:30:28,630;-86;-19;-33
2023.06.25 4:30:28,880;-91;-20;-38
2023.06.25 4:30:29,130;-84;-28;-40
2023.06.25 4:30:29,380;-88;-25;-36
2023.06.25 4:30:29,640;-92;-25;-36
2023.06.25 4:30:29,890;-89;-24;-30
2023.06.25 4:30:30,140;-91;-22;-36
2023.06.25 4:30:30,390;-89;-22;-33
2023.06.25 4:30:30,640;-89;-19;-36
2023.06.25 4:30:30,890;-83;-25;-38
2023.06.25 4:30:31,140;-88;-24;-33
2023.06.25 4:30:31,390;-89;-24;-35
2023.06.25 4:30:31,640;-89;-24;-35
2023.06.25 4:30:31,890;-89;-27;-36
2023.06.25 4:30:32,140;-88;-27;-36
2023.06.25 4:30:32,390;-91;-22;-36
2023.06.25 4:30:32,640;-88;-19;-35
2023.06.25 4:30:32,890;-92;-17;-36
2023.06.25 4:30:33,140;-89;-22;-35
2023.06.25 4:30:33,390;-91;-20;-38
2023.06.25 4:30:33,640;-86;-25;-38
2023.06.25 4:30:33,890;-88;-25;-36
2023.06.25 4:30:34,140;-88;-27;-35
2023.06.25 4:30:34,390;-88;-25;-33
2023.06.25 4:30:34,640;-94;-27;-32
2023.06.25 4:30:34,890;-88;-30;-36
2023.06.25 4:30:35,140;-91;-25;-33
2023.06.25 4:30:35,390;-89;-20;-33
2023.06.25 4:30:35,640;-92;-17;-35
2023.06.25 4:30:35,890;-88;-24;-33
2023.06.25 4:30:36,140;-91;-20;-38
2023.06.25 4:30:36,390;-86;-22;-35
2023.06.25 4:30:36,640;-88;-22;-36
2023.06.25 4:30:36,890;-88;-20;-33
2023.06.25 4:30:37,140;-91;-20;-36
2023.06.25 4:30:37,390;-89;-27;-38
2023.06.25 4:30:37,640;-88;-25;-35
2023.06.25 4:30:37,890;-91;-25;-36
2023.06.25 4:30:38,140;-92;-22;-36
2023.06.25 4:30:38,470;-91;-17;-33
2023.06.25 4:30:38,720;-91;-16;-38
2023.06.25 4:30:38,970;-86;-16;-36
2023.06.25 4:30:39,220;-88;-22;-32
2023.06.25 4:30:39,470;-89;-19;-38
2023.06.25 4:30:39,720;-91;-17;-32
2023.06.25 4:30:39,970;-91;-20;-36
2023.06.25 4:30:40,220;-89;-30;-41
2023.06.25 4:30:40,470;-88;-27;-35
2023.06.25 4:30:40,720;-94;-25;-35
2023.06.25 4:30:40,970;-86;-19;-35
2023.06.25 4:30:41,220;-94;-16;-36
2023.06.25 4:30:41,470;-91;-22;-35
2023.06.25 4:30:41,720;-92;-19;-35
2023.06.25 4:30:41,970;-83;-24;-36
2023.06.25 4:30:42,220;-88;-20;-36
2023.06.25 4:30:42,470;-88;-20;-36
2023.06.25 4:30:42,720;-92;-20;-36
2023.06.25 4:30:42,970;-91;-19;-36
2023.06.25 4:30:43,220;-88;-24;-36
2023.06.25 4:30:43,470;-89;-24;-36
2023.06.25 4:30:43,720;-86;-24;-46
2023.06.25 4:30:43,970;-88;-22;-41
2023.06.25 4:30:44,220;-84;-14;-43
2023.06.25 4:30:44,470;-91;-20;-40
2023.06.25 4:30:44,720;-88;-25;-44
2023.06.25 4:30:44,970;-81;-25;-44
2023.06.25 4:30:45,220;-83;-27;-46
2023.06.25 4:30:45,490;-81;-22;-41
2023.06.25 4:30:45,740;-89;-19;-40
2023.06.25 4:30:45,990;-84;-19;-38
2023.06.25 4:30:46,240;-89;-17;-40
2023.06.25 4:30:46,490;-84;-19;-41
2023.06.25 4:30:46,740;-89;-17;-43
2023.06.25 4:30:46,990;-89;-20;-41
2023.06.25 4:30:47,240;-89;-17;-40
2023.06.25 4:30:47,490;-88;-16;-40
2023.06.25 4:30:47,740;-89;-20;-40
2023.06.25 4:30:47,990;-89;-19;-38
2023.06.25 4:30:48,240;-88;-19;-41
2023.06.25 4:30:48,490;-89;-17;-40
2023.06.25 4:30:48,740;-88;-16;-40
2023.06.25 4:30:48,990;-88;-17;-36
2023.06.25 4:30:49,240;-89;-17;-41
2023.06.25 4:30:49,490;-88;-16;-40
2023.06.25 4:30:49,740;-89;-19;-40
2023.06.25 4:30:49,990;-83;-20;-35
2023.06.25 4:30:50,240;-91;-16;-38
2023.06.25 4:30:50,490;-89;-25;-41
2023.06.25 4:30:50,740;-94;-27;-40
2023.06.25 4:30:50,990;-84;-19;-38
2023.06.25 4:30:51,240;-89;-20;-41
2023.06.25 4:30:51,490;-88;-17;-38
2023.06.25 4:30:51,740;-89;-19;-40
2023.06.25 4:30:51,990;-91;-22;-36
2023.06.25 4:30:52,240;-92;-20;-38
2023.06.25 4:30:52,490;-88;-17;-43
2023.06.25 4:30:52,740;-92;-25;-40
2023.06.25 4:30:52,990;-89;-24;-41
2023.06.25 4:30:53,240;-88;-20;-38
2023.06.25 4:30:53,490;-84;-20;-41
2023.06.25 4:30:53,740;-91;-19;-38
2023.06.25 4:30:53,990;-86;-20;-40
2023.06.25 4:30:54,240;-91;-20;-38
2023.06.25 4:30:54,490;-92;-17;-40
2023.06.25 4:30:54,740;-86;-20;-40
2023.06.25 4:30:54,990;-91;-20;-40
2023.06.25 4:30:55,240;-84;-24;-41
2023.06.25 4:30:55,490;-89;-19;-38
2023.06.25 4:30:55,740;-88;-19;-38
2023.06.25 4:30:55,990;-89;-20;-40
2023.06.25 4:30:56,240;-89;-17;-40
2023.06.25 4:30:56,490;-86;-22;-38
2023.06.25 4:30:56,740;-91;-20;-36
2023.06.25 4:30:56,990;-81;-24;-40
2023.06.25 4:30:57,240;-92;-19;-36
2023.06.25 4:30:57,490;-92;-19;-38
2023.06.25 4:30:57,740;-88;-19;-40
2023.06.25 4:30:57,990;-89;-16;-36
2023.06.25 4:30:58,240;-84;-19;-36
2023.06.25 4:30:58,490;-89;-19;-40
2023.06.25 4:30:58,740;-86;-22;-38
2023.06.25 4:30:58,990;-88;-20;-40
2023.06.25 4:30:59,240;-92;-17;-40
2023.06.25 4:30:59,490;-83;-19;-36
2023.06.25 4:30:59,740;-89;-16;-36
2023.06.25 4:30:59,990;-84;-17;-36
2023.06.25 4:31:0,240;-91;-17;-36
2023.06.25 4:31:0,490;-88;-17;-36
2023.06.25 4:31:0,740;-88;-19;-36
2023.06.25 4:31:0,990;-91;-19;-40
2023.06.25 4:31:1,240;-83;-22;-41
2023.06.25 4:31:1,490;-89;-22;-38
2023.06.25 4:31:1,740;-92;-20;-41
2023.06.25 4:31:1,990;-86;-19;-38
2023.06.25 4:31:2,240;-92;-17;-38
2023.06.25 4:31:11,830;-91;-19;-38
2023.06.25 4:31:12,80;-89;-16;-36
2023.06.25 4:31:12,330;-89;-20;-38
2023.06.25 4:31:12,590;-88;-19;-40
2023.06.25 4:31:12,840;-86;-20;-38
2023.06.25 4:31:13,90;-89;-24;-38
2023.06.25 4:31:13,340;-89;-22;-38
2023.06.25 4:31:13,590;-91;-20;-41
2023.06.25 4:31:13,840;-89;-22;-40
2023.06.25 4:31:14,90;-88;-24;-38
2023.06.25 4:31:14,340;-92;-20;-40
2023.06.25 4:31:14,590;-84;-20;-38
2023.06.25 4:31:14,840;-91;-20;-38
2023.06.25 4:31:15,90;-88;-24;-41
2023.06.25 4:31:15,340;-86;-20;-38
2023.06.25 4:31:15,590;-89;-25;-41
2023.06.25 4:31:15,840;-88;-22;-41
2023.06.25 4:31:16,100;-89;-22;-41
2023.06.25 4:31:16,350;-88;-19;-40
2023.06.25 4:31:16,600;-86;-17;-36
2023.06.25 4:31:16,850;-84;-22;-40
2023.06.25 4:31:17,100;-88;-20;-40
2023.06.25 4:31:17,350;-86;-24;-41
2023.06.25 4:31:17,600;-83;-22;-36
2023.06.25 4:31:17,850;-89;-24;-38
2023.06.25 4:31:18,100;-88;-19;-43
2023.06.25 4:31:18,350;-91;-16;-36
2023.06.25 4:31:18,600;-83;-17;-36
2023.06.25 4:31:18,850;-89;-20;-40
2023.06.25 4:31:19,100;-89;-24;-41
2023.06.25 4:31:19,350;-88;-22;-38
2023.06.25 4:31:19,600;-89;-22;-40
2023.06.25 4:31:19,850;-86;-20;-38
2023.06.25 4:31:20,100;-88;-17;-38
2023.06.25 4:31:20,350;-84;-19;-36
2023.06.25 4:31:20,600;-86;-20;-35
2023.06.25 4:31:20,850;-88;-28;-43
2023.06.25 4:31:21,100;-86;-24;-38
2023.06.25 4:31:21,350;-91;-22;-40
2023.06.25 4:31:21,600;-86;-20;-38
2023.06.25 4:31:21,850;-89;-19;-38
2023.06.25 4:31:22,100;-84;-20;-38
2023.06.25 4:31:22,350;-89;-19;-38
2023.06.25 4:31:22,600;-89;-24;-41
2023.06.25 4:31:22,850;-88;-22;-38
2023.06.25 4:31:23,100;-89;-22;-35
2023.06.25 4:31:23,350;-88;-22;-40
2023.06.25 4:31:23,600;-91;-16;-40
2023.06.25 4:31:23,850;-86;-19;-40
2023.06.25 4:31:24,100;-86;-19;-38
2023.06.25 4:31:24,350;-89;-22;-36
2023.06.25 4:31:24,600;-92;-19;-41
2023.06.25 4:31:24,850;-86;-19;-38
2023.06.25 4:31:25,100;-91;-22;-36
2023.06.25 4:31:25,350;-86;-27;-43
2023.06.25 4:31:25,600;-89;-20;-40
2023.06.25 4:31:25,850;-92;-19;-40
2023.06.25 4:31:26,100;-83;-22;-40
2023.06.25 4:31:26,350;-89;-19;-38
2023.06.25 4:31:26,600;-84;-17;-36
2023.06.25 4:31:26,850;-91;-20;-40
2023.06.25 4:31:27,100;-91;-20;-40
2023.06.25 4:31:27,350;-88;-24;-40
2023.06.25 4:31:27,600;-89;-20;-40
2023.06.25 4:31:27,850;-83;-19;-40
2023.06.25 4:31:28,100;-89;-20;-40
2023.06.25 4:31:28,350;-86;-17;-38
2023.06.25 4:31:28,600;-91;-19;-40
2023.06.25 4:31:28,850;-89;-20;-40
2023.06.25 4:31:29,100;-88;-22;-40
2023.06.25 4:31:29,350;-89;-17;-40
2023.06.25 4:31:29,600;-86;-24;-43
2023.06.25 4:31:29,850;-88;-20;-40
2023.06.25 4:31:30,100;-89;-20;-40
2023.06.25 4:31:39,680;-91;-17;-36
2023.06.25 4:31:39,930;-88;-24;-38
2023.06.25 4:31:40,180;-89;-22;-40
2023.06.25 4:31:40,430;-89;-24;-36
2023.06.25 4:31:40,700;-92;-22;-38
2023.06.25 4:31:40,950;-83;-22;-41
2023.06.25 4:31:41,200;-91;-20;-38
2023.06.25 4:31:41,450;-91;-20;-40
2023.06.25 4:31:41,700;-86;-16;-38
2023.06.25 4:31:41,950;-92;-17;-36
2023.06.25 4:31:42,200;-83;-20;-40
2023.06.25 4:31:42,450;-88;-19;-36
2023.06.25 4:31:42,700;-89;-24;-44
2023.06.25 4:31:42,950;-84;-22;-38
2023.06.25 4:31:43,200;-91;-19;-38
2023.06.25 4:31:43,450;-86;-19;-38
2023.06.25 4:31:43,700;-89;-16;-35
2023.06.25 4:31:43,950;-92;-20;-40
2023.06.25 4:31:44,200;-91;-20;-41
2023.06.25 4:31:44,450;-91;-19;-40
2023.06.25 4:31:44,700;-88;-24;-40
2023.06.25 4:31:44,950;-91;-19;-40
2023.06.25 4:31:45,200;-84;-20;-40
2023.06.25 4:31:45,450;-88;-20;-38
2023.06.25 4:31:45,700;-86;-19;-38
2023.06.25 4:31:45,950;-88;-17;-38
2023.06.25 4:31:46,200;-91;-20;-40
2023.06.25 4:31:46,450;-88;-22;-40
2023.06.25 4:31:46,700;-92;-22;-40
2023.06.25 4:31:46,950;-83;-19;-40
2023.06.25 4:31:47,200;-91;-20;-41
2023.06.25 4:31:47,450;-86;-17;-38
2023.06.25 4:31:47,700;-88;-20;-38
2023.06.25 4:31:47,950;-89;-19;-35
2023.06.25 4:31:48,200;-86;-25;-43
2023.06.25 4:31:48,450;-86;-25;-38
2023.06.25 4:31:48,700;-88;-22;-40
2023.06.25 4:31:58,200;-84;-28;-44
2023.06.25 4:31:58,450;-84;-24;-43
2023.06.25 4:31:58,700;-86;-20;-41
2023.06.25 4:31:58,950;-84;-22;-43
2023.06.25 4:31:59,200;-89;-24;-41
2023.06.25 4:31:59,450;-86;-25;-41
2023.06.25 4:31:59,700;-86;-24;-41
2023.06.25 4:31:59,950;-86;-24;-40
2023.06.25 4:32:0,200;-89;-19;-40
2023.06.25 4:32:0,450;-88;-20;-38
2023.06.25 4:32:0,700;-86;-20;-41
2023.06.25 4:32:0,950;-83;-28;-43
2023.06.25 4:32:1,200;-86;-25;-41
2023.06.25 4:32:1,450;-88;-25;-38
2023.06.25 4:32:1,790;-88;-24;-41
2023.06.25 4:32:2,40;-88;-24;-40
2023.06.25 4:32:2,290;-86;-22;-38
2023.06.25 4:32:2,540;-89;-20;-40
2023.06.25 4:32:2,790;-84;-27;-43
2023.06.25 4:32:3,40;-88;-22;-40
2023.06.25 4:32:3,290;-89;-25;-38
2023.06.25 4:32:3,540;-88;-20;-40
2023.06.25 4:32:3,790;-91;-19;-38
2023.06.25 4:32:4,40;-84;-22;-38
2023.06.25 4:32:4,290;-91;-22;-38
2023.06.25 4:32:4,540;-88;-20;-36
2023.06.25 4:32:4,790;-88;-24;-40
2023.06.25 4:32:5,40;-89;-20;-38
2023.06.25 4:32:5,290;-83;-24;-43
2023.06.25 4:32:5,540;-86;-20;-40
2023.06.25 4:32:5,790;-86;-22;-38
2023.06.25 4:32:6,40;-91;-24;-43
2023.06.25 4:32:6,290;-89;-16;-40
2023.06.25 4:32:6,540;-86;-20;-38
2023.06.25 4:32:6,790;-86;-22;-38
2023.06.25 4:32:7,40;-86;-27;-44
2023.06.25 4:32:7,290;-88;-22;-38
2023.06.25 4:32:7,540;-89;-22;-36
2023.06.25 4:32:7,790;-89;-24;-41
2023.06.25 4:32:8,40;-92;-16;-41
2023.06.25 4:32:8,290;-86;-19;-38
2023.06.25 4:32:8,540;-86;-20;-36
2023.06.25 4:32:8,800;-89;-27;-46
2023.06.25 4:32:9,50;-84;-24;-40
2023.06.25 4:32:9,300;-91;-24;-40
2023.06.25 4:32:9,550;-91;-24;-40
2023.06.25 4:32:9,800;-89;-17;-40
2023.06.25 4:32:10,50;-88;-19;-36
2023.06.25 4:32:10,300;-89;-24;-36
2023.06.25 4:32:10,550;-84;-24;-40
2023.06.25 4:32:10,800;-88;-20;-41
2023.06.25 4:32:11,50;-89;-20;-40
2023.06.25 4:32:11,300;-83;-20;-38
2023.06.25 4:32:11,550;-89;-30;-43
2023.06.25 4:32:11,800;-88;-24;-40
2023.06.25 4:32:12,50;-88;-24;-38
2023.06.25 4:32:12,310;-89;-22;-40
2023.06.25 4:32:12,560;-89;-19;-40
2023.06.25 4:32:12,810;-86;-22;-36
2023.06.25 4:32:13,60;-86;-20;-40
2023.06.25 4:32:13,310;-84;-22;-41
2023.06.25 4:32:13,560;-89;-19;-41
2023.06.25 4:32:13,810;-86;-19;-40
2023.06.25 4:32:14,60;-91;-16;-41
2023.06.25 4:32:14,310;-91;-24;-38
2023.06.25 4:32:14,560;-89;-22;-41
2023.06.25 4:32:14,810;-89;-20;-40
2023.06.25 4:32:15,60;-88;-20;-40
2023.06.25 4:32:15,310;-84;-24;-41
2023.06.25 4:32:15,560;-86;-20;-38
2023.06.25 4:32:15,810;-88;-17;-43
2023.06.25 4:32:16,60;-89;-19;-44
2023.06.25 4:32:16,310;-88;-24;-46
2023.06.25 4:32:16,560;-81;-16;-48
2023.06.25 4:32:16,810;-73;-12;-62
2023.06.25 4:32:17,60;-73;-8;-70
2023.06.25 4:32:17,310;-70;-11;-68
2023.06.25 4:32:17,560;-65;-19;-70
2023.06.25 4:32:17,810;-68;-11;-73
2023.06.25 4:32:18,60;-68;-19;-75
2023.06.25 4:32:18,310;-67;-16;-75
2023.06.25 4:32:18,560;-64;-24;-72
2023.06.25 4:32:18,810;-65;-25;-67
2023.06.25 4:32:19,60;-70;-35;-65
2023.06.25 4:32:19,310;-80;-24;-52
2023.06.25 4:32:19,560;-68;-25;-57
2023.06.25 4:32:19,810;-76;-22;-54
2023.06.25 4:32:20,60;-75;-24;-59
2023.06.25 4:32:20,310;-81;-24;-49
2023.06.25 4:32:20,560;-76;-22;-44
2023.06.25 4:32:20,810;-81;-19;-46
2023.06.25 4:32:21,60;-80;-19;-44
2023.06.25 4:32:21,310;-81;-24;-46
2023.06.25 4:32:21,560;-86;-12;-48
2023.06.25 4:32:21,810;-83;-11;-48
2023.06.25 4:32:22,60;-86;-19;-44
2023.06.25 4:32:22,310;-83;-16;-44
2023.06.25 4:32:22,560;-84;-14;-43
2023.06.25 4:32:22,810;-86;-19;-40
2023.06.25 4:32:23,60;-88;-19;-43
2023.06.25 4:32:23,310;-88;-22;-46
2023.06.25 4:32:23,560;-86;-19;-43
2023.06.25 4:32:23,810;-88;-20;-43
2023.06.25 4:32:24,60;-84;-20;-43
2023.06.25 4:32:24,310;-88;-19;-43
2023.06.25 4:32:24,560;-86;-19;-41
2023.06.25 4:32:24,810;-86;-17;-43
2023.06.25 4:32:25,60;-88;-19;-43
2023.06.25 4:32:25,310;-86;-19;-41
2023.06.25 4:32:25,560;-88;-20;-40
2023.06.25 4:32:25,810;-86;-20;-44
2023.06.25 4:32:26,60;-89;-19;-41
2023.06.25 4:32:26,310;-88;-19;-44
2023.06.25 4:32:26,560;-83;-22;-41
2023.06.25 4:32:26,810;-86;-19;-41
2023.06.25 4:32:27,60;-86;-22;-41
2023.06.25 4:32:27,310;-88;-17;-41
2023.06.25 4:32:27,560;-86;-20;-43
2023.06.25 4:32:27,810;-88;-20;-41
2023.06.25 4:32:28,60;-88;-20;-41
2023.06.25 4:32:28,310;-86;-19;-43
2023.06.25 4:32:28,560;-88;-20;-43
2023.06.25 4:32:28,810;-88;-17;-41
2023.06.25 4:32:29,60;-88;-24;-40
2023.06.25 4:32:29,310;-88;-27;-35
2023.06.25 4:32:29,560;-88;-20;-36
2023.06.25 4:32:29,890;-88;-16;-38
2023.06.25 4:32:30,140;-88;-14;-43
2023.06.25 4:32:30,390;-91;-17;-40
2023.06.25 4:32:30,640;-84;-27;-41
2023.06.25 4:32:30,890;-88;-22;-40
2023.06.25 4:32:31,140;-89;-17;-41
2023.06.25 4:32:31,390;-88;-19;-43
2023.06.25 4:32:31,640;-89;-16;-41
2023.06.25 4:32:31,890;-91;-20;-40
2023.06.25 4:32:32,140;-92;-19;-40
2023.06.25 4:32:32,390;-84;-20;-40
2023.06.25 4:32:32,640;-86;-19;-36
2023.06.25 4:32:32,890;-91;-24;-41
2023.06.25 4:32:33,140;-84;-24;-43
2023.06.25 4:32:33,390;-92;-22;-41
2023.06.25 4:32:33,640;-84;-20;-43
2023.06.25 4:32:33,890;-86;-22;-41
2023.06.25 4:32:34,140;-89;-25;-41
2023.06.25 4:32:34,390;-88;-22;-43
2023.06.25 4:32:34,640;-86;-19;-41
2023.06.25 4:32:34,890;-86;-19;-38
2023.06.25 4:32:35,140;-84;-22;-40
2023.06.25 4:32:44,660;-86;-25;-41
2023.06.25 4:32:44,910;-89;-20;-41
2023.06.25 4:32:45,160;-88;-20;-40
2023.06.25 4:32:45,410;-89;-20;-38
2023.06.25 4:32:45,660;-86;-25;-43
2023.06.25 4:32:45,910;-89;-25;-41
2023.06.25 4:32:46,160;-86;-24;-40
2023.06.25 4:32:46,410;-86;-24;-41
2023.06.25 4:32:46,660;-83;-27;-41
2023.06.25 4:32:46,910;-84;-24;-40
2023.06.25 4:32:47,160;-86;-20;-40
2023.06.25 4:32:47,410;-86;-20;-40
2023.06.25 4:32:47,660;-91;-22;-40
2023.06.25 4:32:47,910;-89;-24;-41
2023.06.25 4:32:48,160;-84;-20;-43
2023.06.25 4:32:48,410;-88;-20;-41
2023.06.25 4:32:48,660;-86;-19;-41
2023.06.25 4:32:48,910;-88;-19;-40
2023.06.25 4:32:49,160;-86;-20;-38
2023.06.25 4:32:49,410;-83;-28;-41
2023.06.25 4:32:49,660;-88;-27;-41
2023.06.25 4:32:49,910;-86;-25;-43
2023.06.25 4:32:50,160;-86;-20;-41
2023.06.25 4:32:50,410;-89;-20;-41
2023.06.25 4:32:50,660;-88;-20;-38
2023.06.25 4:32:50,910;-88;-22;-40
2023.06.25 4:32:51,160;-83;-24;-43
2023.06.25 4:32:51,410;-84;-25;-43
2023.06.25 4:32:51,660;-88;-22;-41
2023.06.25 4:32:51,910;-88;-22;-40
2023.06.25 4:32:52,160;-88;-27;-40
2023.06.25 4:32:52,410;-84;-25;-38
2023.06.25 4:32:52,660;-88;-22;-41
2023.06.25 4:32:52,910;-84;-20;-41
2023.06.25 4:32:53,160;-86;-22;-41
2023.06.25 4:32:53,410;-86;-22;-40
2023.06.25 4:32:53,660;-88;-22;-41
2023.06.25 4:32:53,910;-88;-27;-40
2023.06.25 4:32:54,160;-86;-27;-41
2023.06.25 4:32:54,410;-86;-25;-41
2023.06.25 4:32:54,660;-88;-22;-40
2023.06.25 4:32:54,910;-92;-20;-43
2023.06.25 4:32:55,160;-88;-20;-38
2023.06.25 4:32:55,410;-86;-25;-41
2023.06.25 4:32:55,660;-89;-25;-41
2023.06.25 4:32:55,910;-84;-27;-41
2023.06.25 4:32:56,160;-88;-25;-41
2023.06.25 4:32:56,410;-84;-25;-40
2023.06.25 4:32:56,660;-89;-22;-41
2023.06.25 4:32:56,910;-88;-24;-41
2023.06.25 4:32:57,160;-84;-25;-41
2023.06.25 4:32:57,410;-88;-24;-41
2023.06.25 4:32:57,660;-86;-20;-41
2023.06.25 4:32:57,990;-86;-24;-43
2023.06.25 4:32:58,240;-88;-25;-41
2023.06.25 4:32:58,490;-91;-17;-41
2023.06.25 4:32:58,740;-88;-22;-38
2023.06.25 4:32:59,0;-89;-25;-41
2023.06.25 4:32:59,250;-83;-30;-41
2023.06.25 4:32:59,500;-84;-28;-41
2023.06.25 4:32:59,750;-84;-24;-41
2023.06.25 4:33:0,0;-89;-25;-41
2023.06.25 4:33:0,250;-86;-22;-40
2023.06.25 4:33:0,500;-86;-25;-41
2023.06.25 4:33:0,750;-86;-25;-38
2023.06.25 4:33:1,0;-88;-28;-40
2023.06.25 4:33:1,250;-86;-28;-38
2023.06.25 4:33:1,500;-88;-28;-41
2023.06.25 4:33:1,750;-84;-25;-41
2023.06.25 4:33:2,0;-84;-28;-41
2023.06.25 4:33:2,250;-86;-27;-40
2023.06.25 4:33:2,500;-84;-25;-41
2023.06.25 4:33:2,750;-91;-20;-41
2023.06.25 4:33:3,0;-86;-25;-40
2023.06.25 4:33:3,250;-88;-25;-38
2023.06.25 4:33:3,500;-83;-28;-40
2023.06.25 4:33:3,750;-88;-30;-38
2023.06.25 4:33:4,10;-88;-27;-38
2023.06.25 4:33:4,260;-86;-27;-40
2023.06.25 4:33:4,510;-86;-24;-41
2023.06.25 4:33:4,760;-86;-27;-35
2023.06.25 4:33:5,10;-88;-25;-36
2023.06.25 4:33:5,260;-89;-27;-36
2023.06.25 4:33:5,510;-89;-25;-38
2023.06.25 4:33:5,760;-89;-24;-40
2023.06.25 4:33:6,10;-86;-25;-36
2023.06.25 4:33:6,260;-86;-25;-40
2023.06.25 4:33:6,510;-86;-24;-36
2023.06.25 4:33:6,760;-88;-24;-38
2023.06.25 4:33:7,10;-86;-32;-40
2023.06.25 4:33:7,260;-89;-28;-40
2023.06.25 4:33:7,520;-86;-27;-36
2023.06.25 4:33:7,770;-84;-25;-38
2023.06.25 4:33:8,20;-88;-24;-41
2023.06.25 4:33:8,270;-89;-25;-38
2023.06.25 4:33:8,520;-84;-25;-38
2023.06.25 4:33:8,770;-89;-32;-38
2023.06.25 4:33:9,20;-89;-27;-41
2023.06.25 4:33:9,270;-86;-25;-40
2023.06.25 4:33:9,520;-83;-24;-40
2023.06.25 4:33:9,770;-86;-30;-40
2023.06.25 4:33:10,20;-86;-25;-41
2023.06.25 4:33:10,270;-86;-25;-40
2023.06.25 4:33:10,520;-88;-24;-41
2023.06.25 4:33:10,770;-84;-25;-40
2023.06.25 4:33:11,20;-88;-27;-40
2023.06.25 4:33:11,270;-88;-25;-38
2023.06.25 4:33:11,520;-88;-25;-35
2023.06.25 4:33:11,770;-92;-24;-41
2023.06.25 4:33:12,20;-88;-25;-35
2023.06.25 4:33:12,270;-86;-27;-36
2023.06.25 4:33:21,770;-88;-22;-41
2023.06.25 4:33:22,20;-84;-24;-38
2023.06.25 4:33:22,270;-84;-24;-36
2023.06.25 4:33:22,520;-89;-25;-36
2023.06.25 4:33:22,770;-88;-25;-38
2023.06.25 4:33:23,20;-88;-22;-41
2023.06.25 4:33:23,270;-81;-25;-40
2023.06.25 4:33:23,520;-88;-30;-40
2023.06.25 4:33:23,770;-83;-24;-38
2023.06.25 4:33:24,20;-84;-25;-38
2023.06.25 4:33:24,270;-88;-28;-40
2023.06.25 4:33:24,520;-88;-25;-38
2023.06.25 4:33:24,770;-89;-25;-38
2023.06.25 4:33:25,100;-83;-30;-40
2023.06.25 4:33:25,350;-84;-30;-40
2023.06.25 4:33:25,600;-86;-27;-40
2023.06.25 4:33:25,850;-88;-27;-40
2023.06.25 4:33:26,100;-89;-22;-40
2023.06.25 4:33:26,350;-84;-25;-40
2023.06.25 4:33:26,600;-91;-25;-40
2023.06.25 4:33:26,850;-81;-28;-38
2023.06.25 4:33:27,100;-86;-27;-40
2023.06.25 4:33:27,350;-88;-27;-36
2023.06.25 4:33:27,600;-89;-25;-40
2023.06.25 4:33:27,850;-89;-22;-36
2023.06.25 4:33:28,100;-89;-24;-40
2023.06.25 4:33:28,350;-88;-25;-38
2023.06.25 4:33:28,600;-83;-28;-38
2023.06.25 4:33:28,850;-81;-30;-40
2023.06.25 4:33:29,100;-86;-28;-38
2023.06.25 4:33:29,350;-86;-25;-38
2023.06.25 4:33:29,600;-91;-27;-36
2023.06.25 4:33:29,850;-88;-27;-38
2023.06.25 4:33:30,100;-91;-25;-41
2023.06.25 4:33:30,350;-83;-25;-41
2023.06.25 4:33:30,600;-84;-27;-40
2023.06.25 4:33:30,850;-86;-27;-36
2023.06.25 4:33:31,100;-86;-27;-41
2023.06.25 4:33:31,350;-83;-28;-40
2023.06.25 4:33:31,600;-86;-32;-38
2023.06.25 4:33:31,850;-88;-27;-40
2023.06.25 4:33:32,120;-89;-24;-38
2023.06.25 4:33:32,370;-88;-20;-40
2023.06.25 4:33:32,620;-86;-22;-41
2023.06.25 4:33:32,870;-88;-24;-41
2023.06.25 4:33:33,120;-83;-25;-41
2023.06.25 4:33:33,370;-88;-24;-41
2023.06.25 4:33:33,620;-86;-24;-38
2023.06.25 4:33:33,870;-88;-22;-41
2023.06.25 4:33:34,120;-88;-30;-40
2023.06.25 4:33:34,370;-88;-25;-38
2023.06.25 4:33:34,620;-88;-24;-38
2023.06.25 4:33:34,870;-86;-24;-38
2023.06.25 4:33:35,120;-89;-20;-40
2023.06.25 4:33:35,370;-88;-24;-40
2023.06.25 4:33:35,620;-86;-24;-38
2023.06.25 4:33:35,870;-83;-24;-41
2023.06.25 4:33:36,120;-86;-25;-41
2023.06.25 4:33:36,370;-88;-24;-38
2023.06.25 4:33:36,620;-86;-25;-40
2023.06.25 4:33:36,870;-86;-30;-40
2023.06.25 4:33:37,120;-89;-24;-41
2023.06.25 4:33:37,370;-89;-22;-41
2023.06.25 4:33:37,620;-86;-25;-40
2023.06.25 4:33:37,870;-86;-24;-40
2023.06.25 4:33:38,120;-88;-24;-40
2023.06.25 4:33:38,370;-86;-24;-40
2023.06.25 4:33:38,620;-88;-30;-40
2023.06.25 4:33:38,870;-84;-28;-41
2023.06.25 4:33:39,120;-88;-25;-43
2023.06.25 4:33:39,370;-89;-25;-36
2023.06.25 4:33:39,620;-89;-24;-41
2023.06.25 4:33:39,870;-86;-25;-40
2023.06.25 4:33:40,120;-88;-27;-40
2023.06.25 4:33:40,370;-86;-25;-38
2023.06.25 4:33:40,620;-88;-27;-40
2023.06.25 4:33:40,870;-86;-25;-40
2023.06.25 4:33:41,120;-81;-24;-38
2023.06.25 4:33:41,370;-89;-27;-38
2023.06.25 4:33:41,620;-88;-27;-40
2023.06.25 4:33:41,870;-88;-24;-40
2023.06.25 4:33:42,120;-86;-20;-38
2023.06.25 4:33:42,370;-86;-22;-41
2023.06.25 4:33:42,620;-88;-19;-38
2023.06.25 4:33:42,870;-86;-25;-40
2023.06.25 4:33:43,120;-84;-27;-40
2023.06.25 4:33:43,370;-86;-27;-38
2023.06.25 4:33:43,620;-83;-27;-38
2023.06.25 4:33:43,870;-88;-27;-40
2023.06.25 4:33:44,120;-89;-20;-38
2023.06.25 4:33:44,370;-84;-24;-41
2023.06.25 4:33:44,620;-89;-24;-40
2023.06.25 4:33:44,870;-83;-25;-41
2023.06.25 4:33:45,120;-86;-25;-40
2023.06.25 4:33:45,370;-88;-25;-38
2023.06.25 4:33:45,620;-86;-25;-40
2023.06.25 4:33:45,870;-86;-19;-41
2023.06.25 4:33:46,120;-86;-25;-40
2023.06.25 4:33:46,370;-86;-24;-38
2023.06.25 4:33:46,620;-92;-22;-38
2023.06.25 4:33:46,870;-88;-27;-40
2023.06.25 4:33:47,120;-91;-25;-40
2023.06.25 4:33:47,370;-84;-24;-36
2023.06.25 4:33:47,620;-86;-27;-38
2023.06.25 4:33:47,870;-88;-27;-40
2023.06.25 4:33:48,120;-83;-27;-36
2023.06.25 4:33:48,370;-89;-30;-40
2023.06.25 4:33:48,620;-88;-28;-38
2023.06.25 4:33:48,870;-86;-27;-38
2023.06.25 4:33:49,120;-89;-22;-36
2023.06.25 4:33:49,370;-91;-22;-41
2023.06.25 4:33:49,620;-88;-25;-38
2023.06.25 4:33:49,870;-86;-27;-38
2023.06.25 4:33:50,120;-86;-33;-38
2023.06.25 4:33:50,370;-88;-30;-38
2023.06.25 4:33:50,620;-88;-27;-38
2023.06.25 4:33:50,870;-86;-25;-38
2023.06.25 4:33:51,120;-91;-22;-36
2023.06.25 4:33:51,370;-86;-27;-38
2023.06.25 4:33:51,620;-88;-25;-40
2023.06.25 4:33:51,870;-80;-30;-36
2023.06.25 4:33:52,120;-86;-33;-36
2023.06.25 4:33:52,370;-91;-28;-40
2023.06.25 4:33:52,620;-89;-28;-40
2023.06.25 4:33:52,870;-88;-22;-38
2023.06.25 4:33:53,210;-88;-28;-40
2023.06.25 4:33:53,460;-84;-27;-38
2023.06.25 4:33:53,710;-83;-32;-36
2023.06.25 4:33:53,960;-88;-32;-38
2023.06.25 4:33:54,210;-89;-25;-36
2023.06.25 4:33:54,460;-88;-28;-43
2023.06.25 4:33:54,710;-81;-32;-33
2023.06.25 4:33:54,960;-86;-30;-38
2023.06.25 4:33:55,210;-86;-27;-36
2023.06.25 4:33:55,460;-84;-28;-35
2023.06.25 4:33:55,710;-84;-33;-36
2023.06.25 4:33:55,960;-86;-30;-38
2023.06.25 4:33:56,210;-86;-28;-38
2023.06.25 4:33:56,460;-86;-25;-38
2023.06.25 4:33:56,710;-89;-25;-36
2023.06.25 4:33:56,960;-88;-27;-38
2023.06.25 4:33:57,210;-86;-27;-36
2023.06.25 4:33:57,460;-84;-25;-40
2023.06.25 4:33:57,710;-86;-27;-36
2023.06.25 4:33:57,960;-89;-30;-40
2023.06.25 4:33:58,210;-89;-24;-36
2023.06.25 4:33:58,460;-86;-27;-38
2023.06.25 4:33:58,710;-84;-25;-40
2023.06.25 4:34:8,230;-84;-32;-35
2023.06.25 4:34:8,480;-89;-24;-40
2023.06.25 4:34:8,730;-80;-32;-38
2023.06.25 4:34:8,980;-91;-35;-35
2023.06.25 4:34:9,230;-91;-24;-36
2023.06.25 4:34:9,480;-84;-27;-40
2023.06.25 4:34:9,730;-91;-30;-40
2023.06.25 4:34:9,980;-84;-28;-35
2023.06.25 4:34:10,230;-86;-27;-35
2023.06.25 4:34:10,480;-89;-30;-38
2023.06.25 4:34:10,730;-86;-30;-36
2023.06.25 4:34:10,980;-86;-25;-33
2023.06.25 4:34:11,230;-83;-35;-36
2023.06.25 4:34:11,480;-88;-30;-40
2023.06.25 4:34:11,730;-89;-30;-40
2023.06.25 4:34:11,980;-86;-28;-38
2023.06.25 4:34:12,230;-84;-27;-40
2023.06.25 4:34:12,480;-83;-27;-36
2023.06.25 4:34:12,730;-84;-28;-36
2023.06.25 4:34:12,980;-89;-28;-36
2023.06.25 4:34:13,230;-86;-28;-36
2023.06.25 4:34:13,480;-89;-27;-38
2023.06.25 4:34:13,730;-89;-24;-36
2023.06.25 4:34:13,980;-84;-30;-38
2023.06.25 4:34:14,230;-84;-27;-36
2023.06.25 4:34:14,480;-86;-30;-35
2023.06.25 4:34:14,730;-86;-32;-35
2023.06.25 4:34:14,980;-86;-32;-36
2023.06.25 4:34:15,230;-89;-28;-36
2023.06.25 4:34:15,480;-83;-30;-38
2023.06.25 4:34:15,730;-84;-27;-38
2023.06.25 4:34:15,980;-84;-30;-36
2023.06.25 4:34:16,230;-86;-28;-35
2023.06.25 4:34:16,480;-88;-32;-36
2023.06.25 4:34:16,730;-86;-32;-36
2023.06.25 4:34:16,980;-89;-33;-40
2023.06.25 4:34:17,230;-86;-27;-40
2023.06.25 4:34:17,480;-89;-28;-38
2023.06.25 4:34:17,730;-86;-32;-35
2023.06.25 4:34:17,980;-86;-28;-35
2023.06.25 4:34:18,230;-84;-36;-36
2023.06.25 4:34:18,480;-88;-32;-36
2023.06.25 4:34:18,730;-88;-33;-35
2023.06.25 4:34:18,980;-84;-30;-38
2023.06.25 4:34:19,230;-86;-25;-36
2023.06.25 4:34:19,480;-81;-30;-36
2023.06.25 4:34:19,730;-88;-32;-38
2023.06.25 4:34:19,980;-89;-32;-38
2023.06.25 4:34:20,230;-86;-30;-35
2023.06.25 4:34:20,480;-86;-32;-36
2023.06.25 4:34:20,730;-89;-27;-36
2023.06.25 4:34:20,980;-84;-27;-35
2023.06.25 4:34:21,310;-88;-30;-36
2023.06.25 4:34:21,560;-91;-30;-36
2023.06.25 4:34:21,810;-88;-25;-36
2023.06.25 4:34:22,60;-83;-27;-38
2023.06.25 4:34:22,320;-88;-30;-36
2023.06.25 4:34:22,570;-81;-33;-38
2023.06.25 4:34:22,820;-84;-30;-36
2023.06.25 4:34:23,70;-94;-32;-38
2023.06.25 4:34:23,320;-88;-27;-36
2023.06.25 4:34:23,570;-89;-25;-38
2023.06.25 4:34:23,820;-86;-28;-35
2023.06.25 4:34:24,70;-84;-30;-36
2023.06.25 4:34:24,320;-91;-28;-36
2023.06.25 4:34:24,570;-88;-27;-36
2023.06.25 4:34:24,820;-89;-30;-36
2023.06.25 4:34:25,70;-83;-27;-36
2023.06.25 4:34:25,320;-84;-30;-36
2023.06.25 4:34:25,570;-84;-28;-36
2023.06.25 4:34:25,820;-88;-27;-36
2023.06.25 4:34:26,70;-81;-38;-36
2023.06.25 4:34:26,320;-88;-33;-40
2023.06.25 4:34:26,570;-89;-30;-36
2023.06.25 4:34:26,820;-86;-28;-36
2023.06.25 4:34:27,70;-89;-24;-38
2023.06.25 4:34:27,320;-88;-27;-36
2023.06.25 4:34:27,570;-89;-25;-36
2023.06.25 4:34:27,820;-84;-25;-36
2023.06.25 4:34:28,70;-84;-33;-38
2023.06.25 4:34:28,330;-86;-27;-40
2023.06.25 4:34:28,580;-83;-28;-36
2023.06.25 4:34:28,830;-89;-28;-38
2023.06.25 4:34:29,80;-88;-25;-38
2023.06.25 4:34:29,330;-88;-25;-36
2023.06.25 4:34:29,580;-89;-27;-40
2023.06.25 4:34:29,830;-86;-27;-38
2023.06.25 4:34:30,80;-88;-27;-36
2023.06.25 4:34:30,330;-86;-25;-35
2023.06.25 4:34:30,580;-89;-25;-38
2023.06.25 4:34:30,830;-88;-24;-40
2023.06.25 4:34:31,80;-83;-27;-35
2023.06.25 4:34:31,330;-88;-30;-38
2023.06.25 4:34:31,580;-88;-27;-36
2023.06.25 4:34:31,830;-88;-28;-38
2023.06.25 4:34:32,80;-84;-28;-38
2023.06.25 4:34:32,330;-86;-28;-40
2023.06.25 4:34:32,580;-81;-32;-38
2023.06.25 4:34:32,830;-86;-32;-40
2023.06.25 4:34:33,80;-86;-30;-38
2023.06.25 4:34:33,330;-86;-30;-40
2023.06.25 4:34:33,580;-89;-30;-40
2023.06.25 4:34:33,830;-88;-27;-40
2023.06.25 4:34:34,80;-88;-25;-38
2023.06.25 4:34:34,330;-89;-28;-38
2023.06.25 4:34:34,580;-91;-20;-38
2023.06.25 4:34:34,830;-83;-24;-36
2023.06.25 4:34:35,80;-84;-24;-38
2023.06.25 4:34:35,330;-84;-32;-40
2023.06.25 4:34:35,580;-88;-27;-40
2023.06.25 4:34:35,830;-88;-27;-40
2023.06.25 4:34:36,80;-89;-27;-36
2023.06.25 4:34:36,330;-91;-22;-41
2023.06.25 4:34:36,580;-86;-25;-38
2023.06.25 4:34:36,830;-88;-27;-38
2023.06.25 4:34:37,80;-84;-30;-41
2023.06.25 4:34:37,330;-84;-30;-41
2023.06.25 4:34:37,580;-86;-30;-38
2023.06.25 4:34:37,830;-86;-24;-38
2023.06.25 4:34:38,80;-88;-24;-40
2023.06.25 4:34:38,330;-84;-25;-38
2023.06.25 4:34:38,580;-86;-25;-36
2023.06.25 4:34:38,830;-88;-32;-40
2023.06.25 4:34:39,80;-89;-30;-36
2023.06.25 4:34:39,330;-91;-27;-38
2023.06.25 4:34:39,580;-86;-25;-38
2023.06.25 4:34:39,830;-86;-25;-38
2023.06.25 4:34:40,80;-83;-25;-38
2023.06.25 4:34:40,330;-86;-24;-33
2023.06.25 4:34:40,590;-86;-27;-38
2023.06.25 4:34:40,840;-86;-27;-40
2023.06.25 4:34:41,90;-91;-24;-35
2023.06.25 4:34:41,340;-88;-25;-40
2023.06.25 4:34:41,590;-89;-24;-41
2023.06.25 4:34:41,840;-88;-24;-40
2023.06.25 4:34:42,90;-89;-24;-41
2023.06.25 4:34:42,340;-88;-20;-40
2023.06.25 4:34:42,590;-88;-25;-40
2023.06.25 4:34:42,840;-86;-32;-36
2023.06.25 4:34:43,90;-88;-27;-38
2023.06.25 4:34:43,340;-88;-25;-38
2023.06.25 4:34:43,590;-88;-25;-40
2023.06.25 4:34:43,840;-88;-25;-38
2023.06.25 4:34:44,90;-84;-30;-40
2023.06.25 4:34:44,340;-84;-32;-40
2023.06.25 4:34:44,590;-88;-25;-38
2023.06.25 4:34:44,840;-84;-25;-40
2023.06.25 4:34:45,90;-91;-24;-41
2023.06.25 4:34:45,340;-88;-25;-38
2023.06.25 4:34:45,590;-89;-25;-41
2023.06.25 4:34:45,840;-81;-27;-41
2023.06.25 4:34:46,90;-89;-25;-40
2023.06.25 4:34:46,340;-84;-20;-38
2023.06.25 4:34:46,590;-88;-24;-38
2023.06.25 4:34:46,840;-89;-24;-38
2023.06.25 4:34:47,90;-89;-25;-41
2023.06.25 4:34:47,340;-88;-22;-41
2023.06.25 4:34:47,590;-86;-25;-40
2023.06.25 4:34:47,840;-84;-27;-38
2023.06.25 4:34:48,90;-86;-25;-36
2023.06.25 4:34:48,340;-86;-25;-38
2023.06.25 4:34:48,590;-83;-28;-40
2023.06.25 4:34:48,840;-88;-30;-40
2023.06.25 4:34:49,90;-86;-27;-40
2023.06.25 4:34:49,420;-86;-25;-41
2023.06.25 4:34:49,670;-91;-22;-41
2023.06.25 4:34:49,920;-83;-25;-38
2023.06.25 4:34:50,170;-86;-25;-40
2023.06.25 4:34:50,420;-89;-30;-38
2023.06.25 4:34:50,670;-88;-30;-40
2023.06.25 4:34:50,920;-89;-27;-38
2023.06.25 4:34:51,170;-81;-27;-40
2023.06.25 4:34:51,420;-83;-28;-40
2023.06.25 4:34:51,670;-83;-28;-35
2023.06.25 4:34:51,920;-84;-30;-41
2023.06.25 4:34:52,170;-88;-24;-40
2023.06.25 4:34:52,420;-89;-27;-36
2023.06.25 4:34:52,670;-84;-25;-38
2023.06.25 4:34:52,920;-81;-33;-38
2023.06.25 4:34:53,170;-84;-32;-40
2023.06.25 4:34:53,420;-83;-30;-40
2023.06.25 4:34:53,670;-89;-30;-40
2023.06.25 4:34:53,920;-88;-25;-40
2023.06.25 4:34:54,170;-83;-28;-38
2023.06.25 4:34:54,420;-86;-25;-38
2023.06.25 4:34:54,670;-86;-35;-38
2023.06.25 4:34:54,920;-88;-28;-40
2023.06.25 4:34:55,170;-88;-27;-36
2023.06.25 4:34:55,440;-83;-32;-38
2023.06.25 4:34:55,690;-86;-32;-38
2023.06.25 4:34:55,940;-86;-28;-38
2023.06.25 4:34:56,190;-86;-28;-40
2023.06.25 4:34:56,440;-92;-27;-38
2023.06.25 4:34:56,690;-89;-25;-33
2023.06.25 4:34:56,940;-89;-30;-38
2023.06.25 4:34:57,190;-89;-28;-36
2023.06.25 4:34:57,440;-86;-28;-38
2023.06.25 4:34:57,690;-86;-27;-40
2023.06.25 4:34:57,940;-88;-27;-38
2023.06.25 4:34:58,190;-84;-27;-38
2023.06.25 4:34:58,440;-86;-27;-40
2023.06.25 4:34:58,690;-88;-27;-40
2023.06.25 4:34:58,940;-86;-25;-40
2023.06.25 4:34:59,190;-86;-25;-40
2023.06.25 4:34:59,440;-84;-35;-36
2023.06.25 4:34:59,690;-89;-25;-40
2023.06.25 4:34:59,940;-88;-25;-36
2023.06.25 4:35:0,190;-84;-30;-35
2023.06.25 4:35:0,440;-86;-22;-36
2023.06.25 4:35:0,690;-89;-27;-38
2023.06.25 4:35:0,940;-84;-30;-38
2023.06.25 4:35:1,190;-86;-33;-35
2023.06.25 4:35:1,440;-89;-30;-38
2023.06.25 4:35:1,690;-86;-30;-41
2023.06.25 4:35:1,940;-89;-30;-38
2023.06.25 4:35:2,190;-84;-25;-38
2023.06.25 4:35:2,440;-89;-25;-38
2023.06.25 4:35:2,690;-81;-27;-36
2023.06.25 4:35:2,940;-86;-28;-38
2023.06.25 4:35:3,190;-88;-25;-36
2023.06.25 4:35:3,440;-84;-28;-40
2023.06.25 4:35:3,690;-83;-25;-36
2023.06.25 4:35:13,190;-84;-36;-35
2023.06.25 4:35:13,440;-84;-36;-32
2023.06.25 4:35:13,690;-89;-38;-35
2023.06.25 4:35:13,940;-86;-35;-33
2023.06.25 4:35:14,190;-88;-36;-35
2023.06.25 4:35:14,440;-80;-36;-38
2023.06.25 4:35:14,690;-83;-33;-36
2023.06.25 4:35:14,940;-84;-32;-33
2023.06.25 4:35:15,190;-80;-28;-32
2023.06.25 4:35:15,440;-89;-28;-35
2023.06.25 4:35:15,690;-83;-28;-35
2023.06.25 4:35:15,940;-86;-28;-36
2023.06.25 4:35:16,190;-83;-33;-35
2023.06.25 4:35:16,520;-89;-28;-36
2023.06.25 4:35:16,770;-91;-28;-35
2023.06.25 4:35:17,20;-86;-25;-36
2023.06.25 4:35:17,270;-86;-27;-35
2023.06.25 4:35:17,530;-88;-30;-38
2023.06.25 4:35:17,780;-84;-28;-35
2023.06.25 4:35:18,30;-91;-27;-36
2023.06.25 4:35:18,280;-88;-30;-36
2023.06.25 4:35:18,530;-89;-27;-36
2023.06.25 4:35:18,780;-89;-28;-35
2023.06.25 4:35:19,30;-91;-28;-36
2023.06.25 4:35:19,280;-88;-30;-35
2023.06.25 4:35:19,530;-86;-28;-36
2023.06.25 4:35:19,780;-88;-30;-35
2023.06.25 4:35:20,30;-86;-27;-35
2023.06.25 4:35:20,280;-88;-30;-33
2023.06.25 4:35:20,530;-88;-30;-35
2023.06.25 4:35:20,780;-89;-27;-35
2023.06.25 4:35:21,30;-89;-27;-35
2023.06.25 4:35:21,280;-89;-24;-38
2023.06.25 4:35:21,530;-89;-30;-33
2023.06.25 4:35:21,780;-88;-28;-33
2023.06.25 4:35:22,30;-81;-28;-36
2023.06.25 4:35:22,280;-86;-28;-35
2023.06.25 4:35:22,530;-91;-28;-38
2023.06.25 4:35:22,780;-84;-28;-35
2023.06.25 4:35:23,30;-86;-36;-38
2023.06.25 4:35:23,280;-89;-35;-35
2023.06.25 4:35:23,540;-88;-28;-35
2023.06.25 4:35:23,790;-81;-32;-36
2023.06.25 4:35:24,40;-84;-33;-36
2023.06.25 4:35:24,290;-89;-30;-40
2023.06.25 4:35:24,540;-83;-28;-36
2023.06.25 4:35:24,790;-84;-36;-38
2023.06.25 4:35:25,40;-88;-33;-35
2023.06.25 4:35:25,290;-88;-28;-36
2023.06.25 4:35:25,540;-84;-28;-36
2023.06.25 4:35:25,790;-84;-36;-38
2023.06.25 4:35:26,40;-86;-35;-38
2023.06.25 4:35:26,290;-89;-28;-38
2023.06.25 4:35:26,540;-89;-30;-36
2023.06.25 4:35:26,790;-91;-24;-36
2023.06.25 4:35:27,40;-86;-27;-36
2023.06.25 4:35:27,290;-86;-24;-41
2023.06.25 4:35:27,540;-84;-32;-40
2023.06.25 4:35:27,790;-83;-28;-43
2023.06.25 4:35:28,40;-84;-30;-38
2023.06.25 4:35:28,290;-86;-27;-41
2023.06.25 4:35:28,540;-89;-25;-35
2023.06.25 4:35:28,790;-84;-30;-38
2023.06.25 4:35:29,40;-89;-28;-38
2023.06.25 4:35:29,290;-83;-24;-38
2023.06.25 4:35:29,540;-88;-22;-38
2023.06.25 4:35:29,790;-84;-24;-35
2023.06.25 4:35:30,40;-86;-27;-38
2023.06.25 4:35:30,290;-86;-32;-40
2023.06.25 4:35:30,540;-86;-28;-38
2023.06.25 4:35:30,790;-88;-28;-35
2023.06.25 4:35:31,40;-86;-30;-38
2023.06.25 4:35:31,290;-92;-20;-40
2023.06.25 4:35:31,540;-88;-25;-36
2023.06.25 4:35:41,50;-86;-25;-38
2023.06.25 4:35:41,300;-84;-24;-35
2023.06.25 4:35:41,550;-86;-25;-38
2023.06.25 4:35:41,800;-91;-20;-38
2023.06.25 4:35:42,50;-86;-25;-38
2023.06.25 4:35:42,300;-86;-22;-38
2023.06.25 4:35:42,550;-91;-27;-36
2023.06.25 4:35:42,800;-88;-28;-38
2023.06.25 4:35:43,50;-89;-32;-40
2023.06.25 4:35:43,300;-89;-25;-38
2023.06.25 4:35:43,550;-84;-24;-36
2023.06.25 4:35:43,800;-84;-25;-35
2023.06.25 4:35:44,50;-88;-28;-38
2023.06.25 4:35:44,300;-89;-32;-38
2023.06.25 4:35:44,630;-86;-25;-38
2023.06.25 4:35:44,880;-88;-27;-38
2023.06.25 4:35:45,130;-91;-25;-38
2023.06.25 4:35:45,380;-88;-27;-35
2023.06.25 4:35:45,630;-86;-25;-36
2023.06.25 4:35:45,880;-88;-33;-38
2023.06.25 4:35:46,130;-91;-28;-38
2023.06.25 4:35:46,380;-88;-24;-36
2023.06.25 4:35:46,630;-88;-27;-40
2023.06.25 4:35:46,880;-89;-28;-36
2023.06.25 4:35:47,130;-91;-25;-33
2023.06.25 4:35:47,380;-83;-32;-36
2023.06.25 4:35:47,630;-88;-25;-38
2023.06.25 4:35:47,880;-86;-27;-36
2023.06.25 4:35:48,130;-89;-25;-41
2023.06.25 4:35:48,380;-86;-27;-38
2023.06.25 4:35:48,630;-88;-27;-35
2023.06.25 4:35:48,880;-88;-28;-36
2023.06.25 4:35:49,130;-89;-27;-38
2023.06.25 4:35:49,380;-88;-24;-36
2023.06.25 4:35:49,630;-86;-27;-36
2023.06.25 4:35:49,880;-83;-30;-30
2023.06.25 4:35:50,130;-89;-32;-35
2023.06.25 4:35:50,380;-83;-35;-33
2023.06.25 4:35:50,630;-89;-36;-32
2023.06.25 4:35:50,880;-84;-36;-32
2023.06.25 4:35:51,130;-83;-36;-28
2023.06.25 4:35:51,380;-80;-44;-27
2023.06.25 4:35:51,650;-83;-44;-32
2023.06.25 4:35:51,900;-86;-43;-30
2023.06.25 4:35:52,150;-86;-41;-30
2023.06.25 4:35:52,400;-83;-43;-30
2023.06.25 4:35:52,650;-84;-43;-30
2023.06.25 4:35:52,900;-88;-40;-27
2023.06.25 4:35:53,150;-89;-41;-30
2023.06.25 4:35:53,400;-83;-48;-30
2023.06.25 4:35:53,650;-78;-54;-28
2023.06.25 4:35:53,900;-67;-62;-30
2023.06.25 4:35:54,150;-72;-60;-25
2023.06.25 4:35:54,400;-73;-62;-27
2023.06.25 4:35:54,650;-68;-62;-28
2023.06.25 4:35:54,900;-70;-62;-27
2023.06.25 4:35:55,150;-75;-57;-24
2023.06.25 4:35:55,400;-73;-59;-25
2023.06.25 4:35:55,650;-75;-62;-27
2023.06.25 4:35:55,900;-75;-62;-27
2023.06.25 4:35:56,150;-73;-59;-24
2023.06.25 4:35:56,400;-73;-57;-25
2023.06.25 4:35:56,650;-72;-59;-27
2023.06.25 4:35:56,900;-75;-59;-25
2023.06.25 4:35:57,150;-75;-57;-25
2023.06.25 4:35:57,400;-76;-54;-24
2023.06.25 4:35:57,650;-76;-54;-22
2023.06.25 4:35:57,900;-78;-57;-20
2023.06.25 4:35:58,150;-80;-56;-22
2023.06.25 4:35:58,400;-76;-57;-17
2023.06.25 4:35:58,650;-80;-64;-16
2023.06.25 4:35:58,900;-78;-59;-11
2023.06.25 4:35:59,150;-78;-67;-12
2023.06.25 4:35:59,400;-73;-67;-8
2023.06.25 4:35:59,650;-80;-56;-3
2023.06.25 4:35:59,900;-73;-70;-20
2023.06.25 4:36:0,150;-65;-72;-28
2023.06.25 4:36:0,400;-64;-60;-22
2023.06.25 4:36:0,650;-68;-62;-36
2023.06.25 4:36:0,900;-80;-43;-38
2023.06.25 4:36:1,150;-91;-25;-48
2023.06.25 4:36:1,400;-88;-25;-43
2023.06.25 4:36:1,650;-80;-32;-38
2023.06.25 4:36:1,900;-83;-41;-35
2023.06.25 4:36:2,150;-83;-38;-35
2023.06.25 4:36:2,400;-84;-40;-33
2023.06.25 4:36:2,650;-88;-40;-33
2023.06.25 4:36:2,900;-88;-38;-32
2023.06.25 4:36:3,150;-96;-44;-33
2023.06.25 4:36:3,400;-91;-49;-33
2023.06.25 4:36:3,650;-102;-68;-25
2023.06.25 4:36:3,900;-70;-62;-6
2023.06.25 4:36:4,150;-72;-28;-32
2023.06.25 4:36:4,400;-88;-32;-38
2023.06.25 4:36:4,650;-118;25;-84
2023.06.25 4:36:4,900;-86;-3;-43
2023.06.25 4:36:5,150;-100;-12;-40
2023.06.25 4:36:5,400;-108;-24;-41
2023.06.25 4:36:5,650;-121;-1;-28
2023.06.25 4:36:5,900;-70;-9;-54
2023.06.25 4:36:6,150;-76;3;-49
2023.06.25 4:36:6,400;-92;-6;-43
2023.06.25 4:36:6,650;-70;11;-54
2023.06.25 4:36:6,900;-99;-20;-49
2023.06.25 4:36:7,150;-88;0;-49
2023.06.25 4:36:7,400;-80;-4;-49
2023.06.25 4:36:7,650;-67;-14;-73
2023.06.25 4:36:7,900;-84;-60;-41
2023.06.25 4:36:8,150;-83;-1;-41
2023.06.25 4:36:8,400;-97;14;-41
2023.06.25 4:36:8,650;-96;19;-51
2023.06.25 4:36:8,900;-86;22;-40
2023.06.25 4:36:9,150;-83;16;-43
2023.06.25 4:36:9,400;-86;8;-54
2023.06.25 4:36:9,650;-88;6;-43
2023.06.25 4:36:9,900;-89;11;-41
2023.06.25 4:36:10,150;-84;11;-49
2023.06.25 4:36:10,400;-88;-1;-41
2023.06.25 4:36:10,650;-83;3;-46
2023.06.25 4:36:10,900;-80;1;-54
2023.06.25 4:36:11,150;-89;0;-48
2023.06.25 4:36:11,400;-86;0;-48
2023.06.25 4:36:11,650;-91;3;-51
2023.06.25 4:36:11,900;-88;3;-52
2023.06.25 4:36:12,150;-88;6;-51
2023.06.25 4:36:12,400;-86;3;-51
2023.06.25 4:36:12,730;-88;6;-46
2023.06.25 4:36:12,980;-83;1;-46
2023.06.25 4:36:13,230;-83;0;-49
2023.06.25 4:36:13,480;-84;-1;-46
2023.06.25 4:36:13,740;-92;3;-48
2023.06.25 4:36:13,990;-83;1;-36
2023.06.25 4:36:14,240;-83;4;-44
2023.06.25 4:36:14,490;-86;8;-38
2023.06.25 4:36:14,740;-88;6;-46
2023.06.25 4:36:14,990;-94;6;-40
2023.06.25 4:36:15,240;-91;11;-49
2023.06.25 4:36:15,490;-88;6;-40
2023.06.25 4:36:15,740;-88;17;-38
2023.06.25 4:36:15,990;-94;8;-46
2023.06.25 4:36:16,240;-91;16;-52
2023.06.25 4:36:16,490;-84;9;-48
2023.06.25 4:36:16,740;-88;3;-41
2023.06.25 4:36:16,990;-83;8;-43
2023.06.25 4:36:17,240;-89;3;-43
2023.06.25 4:36:17,490;-89;4;-44
2023.06.25 4:36:17,740;-88;4;-43
2023.06.25 4:36:17,990;-88;3;-44
2023.06.25 4:36:18,240;-89;1;-44
2023.06.25 4:36:18,490;-88;3;-43
2023.06.25 4:36:18,740;-89;3;-44
2023.06.25 4:36:18,990;-89;3;-41
2023.06.25 4:36:19,240;-88;1;-43
2023.06.25 4:36:19,490;-91;3;-46
2023.06.25 4:36:19,750;-86;3;-46
2023.06.25 4:36:20,0;-94;3;-40
2023.06.25 4:36:20,250;-91;4;-46
2023.06.25 4:36:20,500;-91;1;-43
2023.06.25 4:36:20,750;-89;8;-40
2023.06.25 4:36:21,0;-89;6;-46
2023.06.25 4:36:21,250;-96;1;-46
2023.06.25 4:36:21,500;-84;-1;-43
2023.06.25 4:36:21,750;-81;-3;-44
2023.06.25 4:36:22,0;-97;1;-43
2023.06.25 4:36:22,250;-86;3;-41
2023.06.25 4:36:22,500;-92;0;-40
2023.06.25 4:36:22,750;-92;3;-41
2023.06.25 4:36:23,0;-91;-8;-40
2023.06.25 4:36:23,260;-91;1;-48
2023.06.25 4:36:23,510;-86;8;-51
2023.06.25 4:36:23,760;-91;-3;-44
2023.06.25 4:36:24,10;-86;-3;-46
2023.06.25 4:36:24,260;-83;-3;-46
2023.06.25 4:36:24,510;-91;0;-44
2023.06.25 4:36:24,760;-88;0;-44
2023.06.25 4:36:25,10;-88;0;-41
2023.06.25 4:36:25,260;-88;0;-40
2023.06.25 4:36:25,510;-89;3;-44
2023.06.25 4:36:25,760;-89;1;-44
2023.06.25 4:36:26,10;-89;0;-41
2023.06.25 4:36:26,260;-86;-1;-48
2023.06.25 4:36:26,510;-89;4;-44
2023.06.25 4:36:26,760;-88;-1;-41
2023.06.25 4:36:27,10;-91;1;-48
2023.06.25 4:36:27,260;-91;4;-38
2023.06.25 4:36:27,510;-88;0;-41
2023.06.25 4:36:27,760;-86;1;-43
2023.06.25 4:36:28,10;-91;0;-44
2023.06.25 4:36:28,260;-88;0;-49
2023.06.25 4:36:28,510;-88;-1;-43
2023.06.25 4:36:28,760;-96;-1;-44
2023.06.25 4:36:29,10;-94;6;-43
2023.06.25 4:36:29,260;-86;0;-48
2023.06.25 4:36:29,510;-88;-1;-41
2023.06.25 4:36:29,760;-92;-1;-41
2023.06.25 4:36:30,10;-83;-4;-38
2023.06.25 4:36:30,260;-91;-8;-44
2023.06.25 4:36:30,510;-89;-4;-41
2023.06.25 4:36:30,760;-92;-8;-40
2023.06.25 4:36:31,10;-83;-3;-41
2023.06.25 4:36:31,260;-86;-4;-38
2023.06.25 4:36:31,510;-91;-6;-40
2023.06.25 4:36:31,760;-91;-8;-41
2023.06.25 4:36:32,10;-88;1;-41
2023.06.25 4:36:32,260;-91;-3;-48
2023.06.25 4:36:32,510;-91;0;-41
2023.06.25 4:36:32,760;-86;-3;-43
2023.06.25 4:36:33,10;-86;-1;-40
2023.06.25 4:36:33,260;-86;0;-41
2023.06.25 4:36:33,510;-92;1;-40
2023.06.25 4:36:33,760;-86;-1;-46
2023.06.25 4:36:34,10;-92;-8;-41
2023.06.25 4:36:34,260;-88;-3;-46
2023.06.25 4:36:34,510;-89;0;-43
2023.06.25 4:36:34,760;-89;-3;-41
2023.06.25 4:36:35,10;-89;-4;-41
2023.06.25 4:36:35,260;-91;-1;-43
2023.06.25 4:36:35,510;-91;-6;-43
2023.06.25 4:36:35,760;-89;-8;-43
2023.06.25 4:36:36,10;-91;-6;-43
2023.06.25 4:36:36,260;-88;-4;-43
2023.06.25 4:36:36,510;-91;-3;-43
2023.06.25 4:36:46,90;-88;-12;-40
2023.06.25 4:36:46,340;-92;-11;-41
2023.06.25 4:36:46,590;-89;-8;-41
2023.06.25 4:36:46,860;-89;-8;-41
2023.06.25 4:36:47,110;-88;-9;-41
2023.06.25 4:36:47,360;-88;-8;-40
2023.06.25 4:36:47,610;-91;-11;-44
2023.06.25 4:36:47,860;-88;-12;-41
2023.06.25 4:36:48,110;-91;-11;-38
2023.06.25 4:36:48,360;-89;-6;-41
2023.06.25 4:36:48,610;-91;-6;-38
2023.06.25 4:36:48,860;-91;-8;-40
2023.06.25 4:36:49,110;-88;-11;-40
2023.06.25 4:36:49,360;-89;-14;-41
2023.06.25 4:36:49,610;-89;-9;-41
2023.06.25 4:36:49,860;-89;-11;-40
2023.06.25 4:36:50,110;-83;-11;-41
2023.06.25 4:36:50,360;-91;-6;-43
2023.06.25 4:36:50,610;-89;-11;-40
2023.06.25 4:36:50,860;-89;-9;-40
2023.06.25 4:36:51,110;-89;-8;-41
2023.06.25 4:36:51,360;-89;-8;-40
2023.06.25 4:36:51,610;-88;-11;-38
2023.06.25 4:36:51,860;-89;-9;-43
2023.06.25 4:36:52,110;-89;-9;-40
2023.06.25 4:36:52,360;-89;-8;-43
2023.06.25 4:36:52,610;-92;-9;-40
2023.06.25 4:36:52,860;-88;-8;-40
2023.06.25 4:36:53,110;-89;-9;-40
2023.06.25 4:36:53,360;-89;-6;-40
2023.06.25 4:36:53,610;-84;-9;-41
2023.06.25 4:36:53,860;-88;-4;-40
2023.06.25 4:36:54,110;-88;-4;-46
2023.06.25 4:36:54,360;-97;0;-46
2023.06.25 4:36:54,610;-84;0;-41
2023.06.25 4:36:54,860;-81;-8;-43
2023.06.25 4:36:55,110;-92;0;-38
2023.06.25 4:36:55,360;-89;-3;-43
2023.06.25 4:36:55,610;-94;0;-43
2023.06.25 4:36:55,860;-86;-6;-40
2023.06.25 4:36:56,110;-92;-1;-43
2023.06.25 4:36:56,360;-88;-1;-46
2023.06.25 4:36:56,610;-89;0;-43
2023.06.25 4:36:56,860;-92;-1;-44
2023.06.25 4:36:57,110;-89;-3;-44
2023.06.25 4:36:57,360;-89;-1;-43
2023.06.25 4:36:57,610;-89;-3;-44
2023.06.25 4:36:57,860;-88;-1;-41
2023.06.25 4:36:58,110;-92;-1;-43
2023.06.25 4:36:58,360;-91;-1;-41
2023.06.25 4:36:58,610;-92;-1;-44
2023.06.25 4:36:58,860;-89;-4;-38
2023.06.25 4:36:59,110;-91;-11;-43
2023.06.25 4:36:59,360;-86;0;-41
2023.06.25 4:36:59,610;-91;-8;-41
2023.06.25 4:36:59,860;-89;-4;-44
2023.06.25 4:37:0,110;-86;3;-41
2023.06.25 4:37:0,360;-88;-8;-38
2023.06.25 4:37:0,610;-94;-4;-41
2023.06.25 4:37:0,860;-92;-8;-43
2023.06.25 4:37:1,110;-94;-8;-41
2023.06.25 4:37:1,360;-92;-3;-41
2023.06.25 4:37:1,610;-86;-9;-36
2023.06.25 4:37:1,860;-92;-8;-41
2023.06.25 4:37:2,110;-92;-8;-46
2023.06.25 4:37:2,360;-116;-27;-43
2023.06.25 4:37:2,610;-84;-9;-36
2023.06.25 4:37:2,860;-97;-3;-40
2023.06.25 4:37:3,110;-78;-4;-46
2023.06.25 4:37:3,360;-94;-3;-38
2023.06.25 4:37:3,610;-83;0;-44
2023.06.25 4:37:3,860;-84;-11;-38
2023.06.25 4:37:4,110;-89;-4;-38
2023.06.25 4:37:4,360;-91;-8;-43
2023.06.25 4:37:4,610;-88;-6;-43
2023.06.25 4:37:4,860;-89;-1;-41
2023.06.25 4:37:5,110;-94;-6;-41
2023.06.25 4:37:5,360;-86;-4;-40
2023.06.25 4:37:5,610;-84;-11;-46
2023.06.25 4:37:5,860;-91;-8;-43
2023.06.25 4:37:6,110;-91;-6;-44
2023.06.25 4:37:6,360;-86;-6;-41
2023.06.25 4:37:6,610;-89;-4;-41
2023.06.25 4:37:6,860;-91;-6;-41
2023.06.25 4:37:7,110;-89;-6;-40
2023.06.25 4:37:7,360;-92;-8;-38
2023.06.25 4:37:7,610;-91;-4;-43
2023.06.25 4:37:7,950;-88;-6;-40
2023.06.25 4:37:8,200;-91;-11;-41
2023.06.25 4:37:8,450;-86;-8;-41
2023.06.25 4:37:8,700;-91;-6;-44
2023.06.25 4:37:8,950;-83;-9;-41
2023.06.25 4:37:9,200;-89;-8;-41
2023.06.25 4:37:9,450;-86;-3;-40
2023.06.25 4:37:9,700;-89;-6;-38
2023.06.25 4:37:9,950;-91;-11;-40
2023.06.25 4:37:10,200;-88;-6;-43
2023.06.25 4:37:10,450;-89;-9;-38
2023.06.25 4:37:10,700;-91;-6;-40
2023.06.25 4:37:10,950;-92;-6;-40
2023.06.25 4:37:11,200;-84;-6;-38
2023.06.25 4:37:11,450;-89;-9;-40
2023.06.25 4:37:11,700;-86;-8;-43
2023.06.25 4:37:11,950;-91;-4;-41
2023.06.25 4:37:12,200;-91;-6;-41
2023.06.25 4:37:12,450;-89;-6;-43
2023.06.25 4:37:12,700;-92;-3;-41
2023.06.25 4:37:12,950;-88;-6;-38
2023.06.25 4:37:13,200;-84;-6;-38
2023.06.25 4:37:13,450;-91;-12;-36
2023.06.25 4:37:13,700;-80;0;-43
2023.06.25 4:37:13,950;-88;-1;-46
2023.06.25 4:37:14,200;-91;-8;-43
2023.06.25 4:37:14,450;-91;-4;-44
2023.06.25 4:37:14,700;-88;-4;-41
2023.06.25 4:37:14,960;-86;-4;-43
2023.06.25 4:37:15,210;-86;-9;-41
2023.06.25 4:37:15,460;-86;-8;-43
2023.06.25 4:37:15,710;-92;-8;-41
2023.06.25 4:37:15,960;-94;-8;-41
2023.06.25 4:37:16,210;-92;-6;-36
2023.06.25 4:37:16,460;-86;-8;-38
2023.06.25 4:37:16,710;-91;-8;-40
2023.06.25 4:37:16,960;-86;-8;-46
2023.06.25 4:37:17,210;-92;-6;-43
2023.06.25 4:37:17,460;-89;-9;-41
2023.06.25 4:37:17,710;-91;-8;-38
2023.06.25 4:37:17,960;-97;-8;-36
2023.06.25 4:37:18,210;-88;-9;-41
2023.06.25 4:37:18,470;-92;-9;-41
2023.06.25 4:37:18,720;-84;-8;-41
2023.06.25 4:37:18,970;-91;-8;-41
2023.06.25 4:37:19,220;-89;-9;-40
2023.06.25 4:37:19,470;-89;-8;-36
2023.06.25 4:37:19,720;-94;-8;-41
2023.06.25 4:37:19,970;-92;-11;-40
2023.06.25 4:37:20,220;-91;-11;-40
2023.06.25 4:37:20,470;-84;-11;-44
2023.06.25 4:37:20,720;-89;-4;-41
2023.06.25 4:37:20,970;-86;-6;-38
2023.06.25 4:37:21,220;-88;-8;-40
2023.06.25 4:37:21,470;-91;-9;-41
2023.06.25 4:37:21,720;-86;-11;-40
2023.06.25 4:37:21,970;-89;-8;-40
2023.06.25 4:37:22,220;-91;-6;-40
2023.06.25 4:37:22,470;-89;-8;-41
2023.06.25 4:37:22,720;-88;-4;-38
2023.06.25 4:37:22,970;-92;-9;-41
2023.06.25 4:37:23,220;-84;-11;-44
2023.06.25 4:37:23,470;-88;-9;-38
2023.06.25 4:37:23,720;-92;-8;-43
2023.06.25 4:37:23,970;-91;-4;-40
2023.06.25 4:37:24,220;-92;-6;-40
2023.06.25 4:37:24,470;-88;-8;-40
2023.06.25 4:37:24,720;-89;-9;-41
2023.06.25 4:37:24,970;-86;-9;-43
2023.06.25 4:37:25,220;-89;-6;-41
2023.06.25 4:37:25,470;-91;-8;-41
2023.06.25 4:37:25,720;-91;-6;-41
2023.06.25 4:37:25,970;-91;-6;-40
2023.06.25 4:37:26,220;-89;-11;-40
2023.06.25 4:37:26,470;-91;-8;-40
2023.06.25 4:37:26,720;-83;-6;-41
2023.06.25 4:37:26,970;-89;-4;-40
2023.06.25 4:37:27,220;-89;-6;-40
2023.06.25 4:37:27,470;-89;-9;-38
2023.06.25 4:37:27,720;-91;-4;-38
2023.06.25 4:37:27,970;-89;-8;-43
2023.06.25 4:37:28,220;-89;-8;-41
2023.06.25 4:37:28,470;-86;-6;-41
2023.06.25 4:37:28,720;-89;-1;-41
2023.06.25 4:37:28,970;-88;-4;-38
2023.06.25 4:37:29,220;-89;-4;-40
2023.06.25 4:37:29,470;-92;-9;-43
2023.06.25 4:37:29,720;-86;-11;-41
2023.06.25 4:37:29,970;-91;-9;-38
2023.06.25 4:37:30,220;-92;-4;-40
2023.06.25 4:37:30,470;-91;-6;-38
2023.06.25 4:37:30,720;-89;-6;-36
2023.06.25 4:37:30,970;-92;-8;-40
2023.06.25 4:37:31,220;-83;-8;-38
2023.06.25 4:37:31,470;-88;-6;-41
2023.06.25 4:37:31,720;-92;-6;-40
2023.06.25 4:37:31,970;-89;-3;-40
2023.06.25 4:37:32,220;-94;-9;-38
2023.06.25 4:37:32,470;-86;-6;-41
2023.06.25 4:37:32,720;-92;-8;-40
2023.06.25 4:37:32,970;-89;-1;-41
2023.06.25 4:37:33,220;-94;-6;-40
2023.06.25 4:37:33,470;-89;-8;-36
2023.06.25 4:37:33,720;-92;-11;-43
2023.06.25 4:37:33,970;-92;-6;-41
2023.06.25 4:37:34,220;-91;-6;-40
2023.06.25 4:37:34,470;-91;-6;-43
2023.06.25 4:37:34,720;-89;-6;-40
2023.06.25 4:37:34,970;-84;-9;-41
2023.06.25 4:37:35,220;-89;-3;-40
2023.06.25 4:37:35,470;-89;-4;-41
2023.06.25 4:37:35,720;-92;-6;-38
2023.06.25 4:37:36,50;-88;-3;-41
2023.06.25 4:37:36,300;-88;-6;-38
2023.06.25 4:37:36,550;-89;-4;-41
2023.06.25 4:37:36,800;-89;-8;-40
2023.06.25 4:37:37,50;-86;-6;-41
2023.06.25 4:37:37,300;-92;-4;-44
2023.06.25 4:37:37,550;-84;-3;-44
2023.06.25 4:37:37,800;-89;-3;-38
2023.06.25 4:37:38,50;-86;-6;-40
2023.06.25 4:37:38,300;-92;-6;-40
2023.06.25 4:37:38,550;-96;-4;-41
2023.06.25 4:37:38,800;-88;-11;-41
2023.06.25 4:37:39,50;-89;-4;-40
2023.06.25 4:37:39,300;-83;-6;-41
2023.06.25 4:37:39,550;-91;-8;-43
2023.06.25 4:37:39,800;-89;-8;-41
2023.06.25 4:37:40,50;-91;-4;-41
2023.06.25 4:37:40,300;-91;-4;-38
2023.06.25 4:37:40,550;-88;-3;-38
2023.06.25 4:37:40,800;-89;-6;-40
2023.06.25 4:37:41,50;-88;-9;-41
2023.06.25 4:37:41,300;-88;-6;-41
2023.06.25 4:37:41,550;-94;-4;-41
2023.06.25 4:37:41,800;-81;-6;-41
2023.06.25 4:37:42,50;-89;-3;-41
2023.06.25 4:37:42,300;-86;-4;-38
2023.06.25 4:37:42,550;-91;-4;-40
2023.06.25 4:37:42,800;-89;-9;-40
2023.06.25 4:37:43,70;-89;-6;-43
2023.06.25 4:37:43,320;-89;-4;-41
2023.06.25 4:37:43,570;-86;-3;-41
2023.06.25 4:37:43,820;-91;-1;-41
2023.06.25 4:37:44,70;-83;-1;-38
2023.06.25 4:37:44,320;-91;-3;-40
2023.06.25 4:37:44,570;-92;-6;-40
2023.06.25 4:37:44,820;-86;-6;-43
2023.06.25 4:37:45,70;-91;-6;-40
2023.06.25 4:37:45,320;-83;-1;-41
2023.06.25 4:37:45,570;-94;0;-43
2023.06.25 4:37:45,820;-89;-1;-41
2023.06.25 4:37:46,70;-89;-1;-40
2023.06.25 4:37:46,320;-96;0;-40
2023.06.25 4:37:46,570;-86;-3;-40
2023.06.25 4:37:46,820;-91;-3;-40
2023.06.25 4:37:47,70;-86;-6;-43
2023.06.25 4:37:47,320;-91;-4;-40
2023.06.25 4:37:47,570;-89;-6;-41
2023.06.25 4:37:47,820;-84;-6;-41
2023.06.25 4:37:48,70;-89;-4;-40
2023.06.25 4:37:48,320;-84;-4;-48
2023.06.25 4:37:48,570;-89;-8;-40
2023.06.25 4:37:48,820;-88;-6;-40
2023.06.25 4:37:49,70;-99;-17;-43
2023.06.25 4:37:49,320;-88;-9;-40
2023.06.25 4:37:49,570;-91;-9;-40
2023.06.25 4:37:49,820;-92;-8;-36
2023.06.25 4:37:50,70;-88;-8;-40
2023.06.25 4:37:50,320;-89;-6;-38
2023.06.25 4:37:50,570;-89;-6;-38
2023.06.25 4:37:50,820;-88;-6;-40
2023.06.25 4:37:51,70;-92;-3;-38
2023.06.25 4:37:51,320;-91;-3;-36
2023.06.25 4:37:51,570;-91;-3;-36
2023.06.25 4:37:51,820;-91;-1;-40
2023.06.25 4:37:52,70;-89;-8;-32
2023.06.25 4:37:52,320;-92;-8;-38
2023.06.25 4:37:52,570;-92;-1;-38
2023.06.25 4:37:52,820;-89;-4;-38
2023.06.25 4:37:53,70;-91;-1;-36
2023.06.25 4:37:53,320;-96;4;-38
2023.06.25 4:37:53,570;-88;-4;-38
2023.06.25 4:37:53,820;-89;-1;-40
2023.06.25 4:37:54,70;-99;-6;-41
2023.06.25 4:37:54,320;-84;-8;-46
2023.06.25 4:37:54,570;-91;-4;-33
2023.06.25 4:37:54,820;-91;-1;-41
2023.06.25 4:37:55,70;-91;-3;-36
2023.06.25 4:37:55,320;-96;-4;-35
2023.06.25 4:37:55,570;-89;-1;-33
2023.06.25 4:37:55,820;-91;-1;-35
2023.06.25 4:37:56,70;-91;-3;-36
2023.06.25 4:37:56,320;-92;-3;-38
2023.06.25 4:37:56,570;-94;-4;-38
2023.06.25 4:37:56,820;-88;-1;-38
2023.06.25 4:37:57,70;-89;-8;-40
2023.06.25 4:37:57,320;-91;-6;-41
2023.06.25 4:37:57,570;-91;-8;-38
2023.06.25 4:37:57,820;-92;-8;-41
2023.06.25 4:37:58,70;-89;-1;-40
2023.06.25 4:37:58,320;-91;-6;-40
2023.06.25 4:37:58,570;-91;-6;-40
2023.06.25 4:37:58,820;-94;-4;-38
2023.06.25 4:37:59,70;-91;-8;-38
2023.06.25 4:37:59,320;-89;-4;-36
2023.06.25 4:37:59,570;-92;-9;-36
2023.06.25 4:37:59,820;-89;-9;-41
2023.06.25 4:38:0,70;-91;-9;-40
2023.06.25 4:38:0,320;-88;-6;-41
2023.06.25 4:38:0,570;-89;-4;-41
2023.06.25 4:38:0,820;-91;-6;-38
2023.06.25 4:38:1,70;-89;-8;-41
2023.06.25 4:38:1,320;-92;-6;-36
2023.06.25 4:38:1,570;-91;-8;-38
2023.06.25 4:38:1,820;-92;-6;-38
2023.06.25 4:38:2,70;-88;-8;-41
2023.06.25 4:38:2,320;-86;-6;-35
2023.06.25 4:38:2,570;-91;-8;-40
2023.06.25 4:38:2,820;-89;-6;-36
2023.06.25 4:38:3,70;-91;-9;-38
2023.06.25 4:38:3,320;-88;-8;-41
2023.06.25 4:38:3,570;-89;-6;-40
2023.06.25 4:38:3,820;-88;-12;-46
2023.06.25 4:38:4,160;-86;-8;-44
2023.06.25 4:38:4,410;-89;-6;-40
2023.06.25 4:38:4,660;-88;-9;-48
2023.06.25 4:38:4,910;-88;-8;-44
2023.06.25 4:38:5,160;-89;-6;-44
2023.06.25 4:38:5,410;-89;-8;-43
2023.06.25 4:38:5,660;-89;-6;-40
2023.06.25 4:38:5,910;-88;-8;-44
2023.06.25 4:38:6,160;-91;-8;-41
2023.06.25 4:38:6,410;-84;-14;-46
2023.06.25 4:38:6,660;-88;-6;-43
2023.06.25 4:38:6,910;-88;-6;-43
2023.06.25 4:38:7,160;-88;-8;-44
2023.06.25 4:38:7,410;-88;-11;-44
2023.06.25 4:38:7,660;-88;-8;-44
2023.06.25 4:38:7,910;-89;-8;-40
2023.06.25 4:38:8,160;-92;-3;-38
2023.06.25 4:38:8,410;-92;-3;-36
2023.06.25 4:38:8,660;-91;-6;-36
2023.06.25 4:38:8,910;-91;-4;-35
2023.06.25 4:38:9,160;-91;-9;-38
2023.06.25 4:38:9,410;-91;-8;-40
2023.06.25 4:38:9,660;-89;-8;-38
2023.06.25 4:38:9,910;-94;-4;-35
2023.06.25 4:38:10,160;-92;-1;-35
2023.06.25 4:38:10,410;-92;-6;-38
2023.06.25 4:38:10,660;-92;-6;-38
2023.06.25 4:38:10,910;-92;-8;-38
2023.06.25 4:38:11,170;-89;-8;-40
2023.06.25 4:38:11,420;-91;-8;-36
2023.06.25 4:38:11,670;-94;-4;-41
2023.06.25 4:38:11,920;-94;-3;-36
2023.06.25 4:38:12,170;-92;-8;-33
2023.06.25 4:38:12,420;-96;-8;-33
2023.06.25 4:38:12,670;-88;-4;-36
2023.06.25 4:38:12,920;-83;-1;-32
2023.06.25 4:38:13,170;-99;1;-25
2023.06.25 4:38:13,420;-89;6;-38
2023.06.25 4:38:13,670;-110;16;-48
2023.06.25 4:38:13,920;-91;14;-44
2023.06.25 4:38:14,170;-91;17;-33
2023.06.25 4:38:14,420;-84;-3;-30
2023.06.25 4:38:14,680;-92;14;-36
2023.06.25 4:38:14,930;-89;4;-36
2023.06.25 4:38:15,180;-86;9;-36
2023.06.25 4:38:15,430;-88;9;-28
2023.06.25 4:38:15,680;-105;20;-38
2023.06.25 4:38:15,930;-94;12;-30
2023.06.25 4:38:16,180;-89;4;-30
2023.06.25 4:38:16,430;-89;12;-30
2023.06.25 4:38:16,680;-96;6;-28
2023.06.25 4:38:16,930;-94;6;-25
2023.06.25 4:38:17,180;-89;11;-33
2023.06.25 4:38:17,430;-91;14;-32
2023.06.25 4:38:17,680;-94;4;-36
2023.06.25 4:38:17,930;-94;14;-27
2023.06.25 4:38:18,180;-100;22;-24
2023.06.25 4:38:18,430;-96;9;-16
2023.06.25 4:38:18,680;-104;8;-8
2023.06.25 4:38:18,930;-97;16;-19
2023.06.25 4:38:19,180;-96;12;-19
2023.06.25 4:38:19,430;-97;11;-30
2023.06.25 4:38:19,680;-92;8;-28
2023.06.25 4:38:19,930;-91;3;-30
2023.06.25 4:38:20,180;-94;8;-36
2023.06.25 4:38:20,430;-99;11;-33
2023.06.25 4:38:20,680;-92;8;-30
2023.06.25 4:38:20,930;-91;8;-25
2023.06.25 4:38:21,180;-97;4;-22
2023.06.25 4:38:21,430;-96;4;-27
2023.06.25 4:38:21,680;-92;0;-24
2023.06.25 4:38:21,930;-97;9;-30
2023.06.25 4:38:22,180;-97;-1;-25
2023.06.25 4:38:22,430;-96;-1;-30
2023.06.25 4:38:22,680;-96;0;-28
2023.06.25 4:38:22,930;-94;0;-28
2023.06.25 4:38:23,180;-97;1;-30
2023.06.25 4:38:23,430;-91;0;-27
2023.06.25 4:38:23,680;-97;3;-27
2023.06.25 4:38:23,930;-92;-1;-30
2023.06.25 4:38:24,180;-94;0;-28
2023.06.25 4:38:24,430;-92;-8;-30
2023.06.25 4:38:24,680;-94;-3;-28
2023.06.25 4:38:24,930;-97;-1;-30
2023.06.25 4:38:25,180;-91;-6;-32
2023.06.25 4:38:25,430;-97;-1;-27
2023.06.25 4:38:25,680;-94;-4;-28
2023.06.25 4:38:25,930;-96;-4;-30
2023.06.25 4:38:26,180;-99;1;-30
2023.06.25 4:38:26,430;-89;0;-30
2023.06.25 4:38:26,680;-92;0;-30
2023.06.25 4:38:26,930;-92;-4;-40
2023.06.25 4:38:27,180;-94;0;-32
2023.06.25 4:38:27,430;-94;1;-33
2023.06.25 4:38:27,680;-91;0;-30
2023.06.25 4:38:27,930;-96;0;-28
2023.06.25 4:38:37,520;-78;28;-46
2023.06.25 4:38:37,770;-86;24;-41
2023.06.25 4:38:38,20;-88;24;-44
2023.06.25 4:38:38,280;-86;24;-46
2023.06.25 4:38:38,530;-83;25;-46
2023.06.25 4:38:38,780;-89;17;-43
2023.06.25 4:38:39,30;-88;20;-43
2023.06.25 4:38:39,280;-84;24;-43
2023.06.25 4:38:39,530;-89;24;-44
2023.06.25 4:38:39,780;-86;19;-43
2023.06.25 4:38:40,30;-89;20;-43
2023.06.25 4:38:40,280;-89;24;-46
2023.06.25 4:38:40,530;-76;20;-43
2023.06.25 4:38:40,780;-86;19;-43
2023.06.25 4:38:41,30;-89;22;-46
2023.06.25 4:38:41,280;-83;14;-44
2023.06.25 4:38:41,530;-86;14;-44
2023.06.25 4:38:41,780;-83;16;-48
2023.06.25 4:38:42,30;-83;14;-41
2023.06.25 4:38:42,280;-89;17;-46
2023.06.25 4:38:42,530;-81;20;-43
2023.06.25 4:38:42,780;-86;20;-40
2023.06.25 4:38:43,30;-84;19;-44
2023.06.25 4:38:43,280;-88;22;-40
2023.06.25 4:38:43,530;-86;25;-46
2023.06.25 4:38:43,780;-83;25;-43
2023.06.25 4:38:44,30;-86;24;-41
2023.06.25 4:38:44,280;-80;22;-46
2023.06.25 4:38:44,530;-86;12;-38
2023.06.25 4:38:44,780;-86;20;-44
2023.06.25 4:38:45,30;-81;20;-40
2023.06.25 4:38:45,280;-89;24;-43
2023.06.25 4:38:45,530;-86;20;-46
2023.06.25 4:38:45,780;-84;14;-43
2023.06.25 4:38:46,30;-92;20;-48
2023.06.25 4:38:46,280;-78;11;-43
2023.06.25 4:38:46,530;-86;16;-49
2023.06.25 4:38:56,40;-84;14;-38
2023.06.25 4:38:56,290;-88;12;-41
2023.06.25 4:38:56,540;-84;14;-46
2023.06.25 4:38:56,790;-91;14;-41
2023.06.25 4:38:57,40;-91;19;-40
2023.06.25 4:38:57,290;-84;11;-40
2023.06.25 4:38:57,540;-88;12;-32
2023.06.25 4:38:57,790;-89;9;-35
2023.06.25 4:38:58,40;-96;17;-35
2023.06.25 4:38:58,290;-92;12;-25
2023.06.25 4:38:58,540;-91;11;-24
2023.06.25 4:38:58,790;-97;8;-17
2023.06.25 4:38:59,40;-91;24;-8
2023.06.25 4:38:59,370;-92;17;-14
2023.06.25 4:38:59,620;-100;6;-6
2023.06.25 4:38:59,870;-94;22;-4
2023.06.25 4:39:0,120;-100;9;-3
2023.06.25 4:39:0,370;-92;19;0
2023.06.25 4:39:0,620;-94;19;11
2023.06.25 4:39:0,870;-100;43;1
2023.06.25 4:39:1,120;-62;22;44
2023.06.25 4:39:1,370;-102;41;22
2023.06.25 4:39:1,620;-81;11;43
2023.06.25 4:39:1,870;-59;35;3
2023.06.25 4:39:2,120;-75;49;3
2023.06.25 4:39:2,370;-102;48;16
2023.06.25 4:39:2,620;-70;36;12
2023.06.25 4:39:2,870;-84;46;-3
2023.06.25 4:39:3,120;-72;49;-9
2023.06.25 4:39:3,370;-94;51;-6
2023.06.25 4:39:3,620;-80;28;11
2023.06.25 4:39:3,870;-84;36;4
2023.06.25 4:39:4,120;-81;52;-12
2023.06.25 4:39:4,370;-96;48;-1
2023.06.25 4:39:4,620;-80;25;12
2023.06.25 4:39:4,870;-73;43;-3
2023.06.25 4:39:5,120;-97;49;3
2023.06.25 4:39:5,370;-92;51;8
2023.06.25 4:39:5,620;-97;28;12
2023.06.25 4:39:5,870;-76;49;-8
2023.06.25 4:39:6,120;-83;60;-12
2023.06.25 4:39:6,390;-83;41;6
2023.06.25 4:39:6,640;-86;48;-3
2023.06.25 4:39:6,890;-78;46;0
2023.06.25 4:39:7,140;-88;64;3
2023.06.25 4:39:7,390;-88;46;11
2023.06.25 4:39:7,640;-91;36;1
2023.06.25 4:39:7,890;-89;44;11
2023.06.25 4:39:8,140;-92;48;8
2023.06.25 4:39:8,390;-76;65;-9
2023.06.25 4:39:8,640;-86;44;12
2023.06.25 4:39:8,890;-91;46;16
2023.06.25 4:39:9,140;-81;44;3
2023.06.25 4:39:9,390;-105;25;14
2023.06.25 4:39:9,640;-92;3;1
2023.06.25 4:39:9,890;-94;19;-19
2023.06.25 4:39:10,140;-91;19;-20
2023.06.25 4:39:10,390;-100;14;-19
2023.06.25 4:39:10,640;-96;17;-24
2023.06.25 4:39:10,890;-96;9;-17
2023.06.25 4:39:11,140;-96;8;-20
2023.06.25 4:39:11,390;-91;8;-22
2023.06.25 4:39:11,640;-94;12;-20
2023.06.25 4:39:11,890;-89;14;-19
2023.06.25 4:39:12,140;-96;19;-19
2023.06.25 4:39:12,390;-100;19;-20
2023.06.25 4:39:12,640;-89;27;-24
2023.06.25 4:39:12,890;-94;24;-19
2023.06.25 4:39:13,140;-94;28;-25
2023.06.25 4:39:13,390;-89;27;-19
2023.06.25 4:39:13,640;-96;30;-25
2023.06.25 4:39:13,890;-91;27;-24
2023.06.25 4:39:14,140;-91;25;-22
2023.06.25 4:39:14,390;-94;30;-24
2023.06.25 4:39:14,640;-89;24;-24
2023.06.25 4:39:14,890;-97;25;-24
2023.06.25 4:39:15,140;-97;14;-20
2023.06.25 4:39:15,390;-91;11;-12
2023.06.25 4:39:15,640;-92;9;-24
2023.06.25 4:39:15,890;-99;11;-27
2023.06.25 4:39:16,140;-94;9;-27
2023.06.25 4:39:16,390;-96;6;-25
2023.06.25 4:39:16,640;-96;6;-27
2023.06.25 4:39:16,890;-94;6;-24
2023.06.25 4:39:17,140;-96;4;-27
2023.06.25 4:39:17,390;-97;1;-28
2023.06.25 4:39:17,640;-91;1;-28
2023.06.25 4:39:17,890;-92;-1;-27
2023.06.25 4:39:18,140;-94;0;-27
2023.06.25 4:39:18,390;-94;-4;-24
2023.06.25 4:39:18,640;-97;-1;-28
2023.06.25 4:39:18,890;-92;0;-27
2023.06.25 4:39:19,140;-89;0;-25
2023.06.25 4:39:19,390;-99;1;-28
2023.06.25 4:39:19,640;-96;1;-27
2023.06.25 4:39:19,890;-94;0;-25
2023.06.25 4:39:20,140;-96;3;-32
2023.06.25 4:39:20,390;-92;-4;-27
2023.06.25 4:39:20,640;-94;0;-28
2023.06.25 4:39:20,890;-96;-4;-28
2023.06.25 4:39:21,140;-97;-1;-28
2023.06.25 4:39:21,390;-97;-1;-27
2023.06.25 4:39:21,640;-89;-4;-24
2023.06.25 4:39:21,890;-99;1;-30
2023.06.25 4:39:22,140;-91;-1;-30
2023.06.25 4:39:22,390;-99;-1;-28
2023.06.25 4:39:22,640;-97;0;-35
2023.06.25 4:39:22,890;-94;-1;-27
2023.06.25 4:39:23,140;-92;-1;-27
2023.06.25 4:39:23,390;-96;-6;-32
2023.06.25 4:39:23,640;-94;-3;-27
2023.06.25 4:39:23,890;-96;-1;-30
2023.06.25 4:39:24,140;-91;-3;-25
2023.06.25 4:39:24,390;-96;0;-35
2023.06.25 4:39:24,640;-92;-6;-28
2023.06.25 4:39:24,890;-94;1;-27
2023.06.25 4:39:25,140;-96;-4;-33
2023.06.25 4:39:25,390;-94;-1;-27
2023.06.25 4:39:25,640;-94;-1;-28
2023.06.25 4:39:25,890;-89;-1;-24
2023.06.25 4:39:26,140;-97;1;-30
2023.06.25 4:39:26,390;-94;-6;-25
2023.06.25 4:39:26,640;-96;-1;-28
2023.06.25 4:39:26,890;-94;-4;-28
2023.06.25 4:39:27,140;-97;0;-25
2023.06.25 4:39:27,470;-97;-1;-33
2023.06.25 4:39:27,720;-91;-11;-22
2023.06.25 4:39:27,970;-96;-1;-30
2023.06.25 4:39:28,220;-88;-1;-25
2023.06.25 4:39:28,480;-97;-1;-30
2023.06.25 4:39:28,730;-91;-1;-33
2023.06.25 4:39:28,980;-97;-4;-24
2023.06.25 4:39:29,230;-94;-3;-33
2023.06.25 4:39:29,480;-89;-11;-22
2023.06.25 4:39:29,730;-99;-1;-30
2023.06.25 4:39:29,980;-94;-3;-25
2023.06.25 4:39:30,230;-99;-1;-25
2023.06.25 4:39:30,480;-92;-1;-32
2023.06.25 4:39:30,730;-96;0;-25
2023.06.25 4:39:30,980;-92;-1;-28
2023.06.25 4:39:31,230;-96;-8;-30
2023.06.25 4:39:31,480;-96;-3;-28
2023.06.25 4:39:31,730;-96;-4;-33
2023.06.25 4:39:31,980;-91;0;-28
2023.06.25 4:39:32,230;-96;-3;-28
2023.06.25 4:39:32,480;-88;-1;-27
2023.06.25 4:39:32,730;-97;-3;-32
2023.06.25 4:39:32,980;-92;-3;-25
2023.06.25 4:39:33,230;-91;-4;-28
2023.06.25 4:39:33,480;-97;-3;-28
2023.06.25 4:39:33,730;-89;-6;-33
2023.06.25 4:39:33,980;-94;0;-32
2023.06.25 4:39:34,230;-96;-4;-32
2023.06.25 4:39:34,490;-99;-1;-30
2023.06.25 4:39:34,740;-94;-6;-30
2023.06.25 4:39:34,990;-96;-6;-30
2023.06.25 4:39:35,240;-96;-6;-30
2023.06.25 4:39:35,490;-94;-4;-32
2023.06.25 4:39:35,740;-96;-3;-27
2023.06.25 4:39:35,990;-94;-4;-30
2023.06.25 4:39:36,240;-100;-3;-28
2023.06.25 4:39:36,490;-96;-1;-30
2023.06.25 4:39:36,740;-89;-4;-28
2023.06.25 4:39:36,990;-94;-4;-27
2023.06.25 4:39:37,240;-94;-6;-28
2023.06.25 4:39:37,490;-96;-3;-28
2023.06.25 4:39:37,740;-94;-3;-30
2023.06.25 4:39:37,990;-96;-3;-28
2023.06.25 4:39:38,240;-96;-3;-30
2023.06.25 4:39:38,490;-88;-4;-25
2023.06.25 4:39:38,740;-91;-4;-27
2023.06.25 4:39:38,990;-97;-6;-33
2023.06.25 4:39:39,240;-97;-6;-25
2023.06.25 4:39:39,490;-96;-3;-30
2023.06.25 4:39:39,740;-89;-4;-27
2023.06.25 4:39:39,990;-96;12;-25
2023.06.25 4:39:40,240;-92;-3;-30
2023.06.25 4:39:40,490;-99;-3;-27
2023.06.25 4:39:40,740;-92;-3;-32
2023.06.25 4:39:40,990;-96;-6;-28
2023.06.25 4:39:41,240;-97;-4;-28
2023.06.25 4:39:41,490;-96;-6;-32
2023.06.25 4:39:41,740;-94;-3;-28
2023.06.25 4:39:41,990;-96;-3;-25
2023.06.25 4:39:42,240;-99;-1;-28
2023.06.25 4:39:42,490;-96;-3;-28
2023.06.25 4:39:42,740;-91;-1;-22
2023.06.25 4:39:42,990;-94;-4;-30
2023.06.25 4:39:43,240;-92;-4;-27
2023.06.25 4:39:43,490;-92;-3;-27
2023.06.25 4:39:43,740;-92;-4;-30
2023.06.25 4:39:43,990;-97;-6;-25
2023.06.25 4:39:44,240;-94;-6;-30
2023.06.25 4:39:44,490;-96;-4;-27
2023.06.25 4:39:44,740;-89;-3;-27
2023.06.25 4:39:44,990;-97;-4;-28
2023.06.25 4:39:45,240;-94;-4;-30
2023.06.25 4:39:45,490;-91;-4;-27
2023.06.25 4:39:45,740;-100;-3;-27
2023.06.25 4:39:45,990;-92;-4;-30
2023.06.25 4:39:46,240;-96;-4;-25
2023.06.25 4:39:46,490;-92;-3;-32
2023.06.25 4:39:46,750;-100;-4;-33
2023.06.25 4:39:47,0;-92;-3;-30
2023.06.25 4:39:47,250;-92;-3;-32
2023.06.25 4:39:47,500;-91;-6;-27
2023.06.25 4:39:47,750;-99;4;-28
2023.06.25 4:39:48,0;-94;0;-30
2023.06.25 4:39:48,250;-100;-3;-28
2023.06.25 4:39:48,500;-96;-1;-33
2023.06.25 4:39:48,750;-91;-4;-25
2023.06.25 4:39:49,0;-92;-3;-30
2023.06.25 4:39:49,250;-97;-6;-36
2023.06.25 4:39:49,500;-94;-8;-27
2023.06.25 4:39:49,750;-94;-1;-33
2023.06.25 4:39:50,0;-89;-6;-24
2023.06.25 4:39:50,250;-96;1;-28
2023.06.25 4:39:50,500;-97;-1;-32
2023.06.25 4:39:50,750;-94;-1;-27
2023.06.25 4:39:51,0;-94;0;-33
2023.06.25 4:39:51,250;-89;-6;-24
2023.06.25 4:39:51,500;-102;-3;-28
2023.06.25 4:39:51,750;-91;-4;-32
2023.06.25 4:39:52,0;-91;-6;-24
2023.06.25 4:39:52,250;-99;-1;-32
2023.06.25 4:39:52,500;-91;-6;-25
2023.06.25 4:39:52,750;-96;-4;-28
2023.06.25 4:39:53,0;-97;-3;-30
2023.06.25 4:39:53,250;-99;-6;-25
2023.06.25 4:39:53,500;-94;-8;-27
2023.06.25 4:39:53,750;-91;-4;-25
2023.06.25 4:39:54,0;-97;-4;-28
2023.06.25 4:39:54,250;-100;-9;-33
2023.06.25 4:39:54,500;-96;-8;-24
2023.06.25 4:39:54,750;-96;-4;-30
2023.06.25 4:39:55,0;-94;-6;-27
2023.06.25 4:39:55,250;-92;-1;-30
2023.06.25 4:39:55,580;-92;-6;-27
2023.06.25 4:39:55,830;-89;-1;-30
2023.06.25 4:39:56,80;-91;6;-19
2023.06.25 4:39:56,330;-99;4;-40
2023.06.25 4:39:56,580;-96;14;-25
2023.06.25 4:39:56,830;-96;12;-27
2023.06.25 4:39:57,80;-91;11;-27
2023.06.25 4:39:57,330;-99;16;-33
2023.06.25 4:39:57,580;-89;12;-28
2023.06.25 4:39:57,830;-91;8;-27
2023.06.25 4:39:58,80;-92;9;-28
2023.06.25 4:39:58,330;-99;8;-28
2023.06.25 4:39:58,580;-91;0;-30
2023.06.25 4:39:58,830;-92;1;-28
2023.06.25 4:39:59,80;-94;8;-33
2023.06.25 4:39:59,330;-94;-8;-30
2023.06.25 4:39:59,580;-96;-3;-33
2023.06.25 4:39:59,830;-88;0;-30
2023.06.25 4:40:0,80;-86;-4;-25
2023.06.25 4:40:0,330;-97;-6;-28
2023.06.25 4:40:0,580;-92;-6;-32
2023.06.25 4:40:0,830;-94;4;-33
2023.06.25 4:40:1,80;-96;-6;-36
2023.06.25 4:40:1,330;-97;4;-27
2023.06.25 4:40:1,580;-92;-6;-30
2023.06.25 4:40:1,830;-94;-8;-30
2023.06.25 4:40:2,80;-94;-4;-30
2023.06.25 4:40:2,330;-94;-9;-32
2023.06.25 4:40:2,600;-89;-3;-27
2023.06.25 4:40:2,850;-94;-4;-28
2023.06.25 4:40:3,100;-92;-8;-30
2023.06.25 4:40:3,350;-94;-3;-25
2023.06.25 4:40:3,600;-94;-6;-32
2023.06.25 4:40:3,850;-96;-9;-27
2023.06.25 4:40:4,100;-91;-3;-27
2023.06.25 4:40:4,350;-96;-6;-36
2023.06.25 4:40:4,600;-94;-6;-25
2023.06.25 4:40:4,850;-92;-8;-35
2023.06.25 4:40:5,100;-92;-3;-27
2023.06.25 4:40:5,350;-96;-4;-30
2023.06.25 4:40:5,600;-99;-4;-30
2023.06.25 4:40:5,850;-96;-8;-25
2023.06.25 4:40:6,100;-94;-9;-33
2023.06.25 4:40:6,350;-91;-4;-27
2023.06.25 4:40:6,600;-92;-6;-32
2023.06.25 4:40:6,850;-96;-9;-33
2023.06.25 4:40:7,100;-94;-4;-25
2023.06.25 4:40:7,350;-92;-8;-28
2023.06.25 4:40:7,600;-97;-3;-24
2023.06.25 4:40:7,850;-96;-8;-32
2023.06.25 4:40:8,100;-94;-8;-30
2023.06.25 4:40:8,350;-89;-8;-25
2023.06.25 4:40:8,600;-99;-8;-36
2023.06.25 4:40:8,850;-99;-3;-28
2023.06.25 4:40:9,100;-92;-9;-28
2023.06.25 4:40:9,350;-94;-4;-27
2023.06.25 4:40:9,600;-92;-4;-30
2023.06.25 4:40:9,850;-91;-4;-27
2023.06.25 4:40:10,100;-91;-4;-28
2023.06.25 4:40:19,600;-97;-4;-30
2023.06.25 4:40:19,850;-94;-1;-32
2023.06.25 4:40:20,100;-94;3;-32
2023.06.25 4:40:20,350;-89;0;-28
2023.06.25 4:40:20,600;-99;9;-36
2023.06.25 4:40:20,850;-94;1;-27
2023.06.25 4:40:21,100;-99;6;-33
2023.06.25 4:40:21,350;-99;-1;-32
2023.06.25 4:40:21,600;-92;-4;-32
2023.06.25 4:40:21,850;-96;-1;-33
2023.06.25 4:40:22,100;-88;-3;-28
2023.06.25 4:40:22,350;-102;25;-24
2023.06.25 4:40:22,600;-88;-6;-28
2023.06.25 4:40:22,850;-97;-9;-30
2023.06.25 4:40:23,100;-96;-6;-30
2023.06.25 4:40:23,350;-96;-1;-30
2023.06.25 4:40:23,680;-96;-9;-30
2023.06.25 4:40:23,930;-92;-3;-27
2023.06.25 4:40:24,180;-94;-8;-33
2023.06.25 4:40:24,430;-89;-4;-25
2023.06.25 4:40:24,690;-97;-4;-33
2023.06.25 4:40:24,940;-92;-9;-35
2023.06.25 4:40:25,190;-96;-6;-35
2023.06.25 4:40:25,440;-96;-3;-35
2023.06.25 4:40:25,690;-91;-8;-24
2023.06.25 4:40:25,940;-97;-4;-32
2023.06.25 4:40:26,190;-96;-9;-28
2023.06.25 4:40:26,440;-97;-6;-27
2023.06.25 4:40:26,690;-94;-12;-33
2023.06.25 4:40:26,940;-94;-9;-27
2023.06.25 4:40:27,190;-94;-8;-28
2023.06.25 4:40:27,440;-99;-9;-35
2023.06.25 4:40:27,690;-92;-6;-27
2023.06.25 4:40:27,940;-92;-11;-28
2023.06.25 4:40:28,190;-96;-6;-27
2023.06.25 4:40:28,440;-94;-11;-32
2023.06.25 4:40:28,690;-94;-12;-28
2023.06.25 4:40:28,940;-96;-11;-32
2023.06.25 4:40:29,190;-96;-8;-30
2023.06.25 4:40:29,440;-92;-8;-27
2023.06.25 4:40:29,700;-92;-9;-30
2023.06.25 4:40:29,950;-94;-6;-25
2023.06.25 4:40:30,200;-94;-6;-28
2023.06.25 4:40:30,450;-88;-9;-28
2023.06.25 4:40:30,700;-96;-9;-28
2023.06.25 4:40:30,950;-92;-9;-36
2023.06.25 4:40:31,200;-92;-9;-28
2023.06.25 4:40:31,450;-94;-6;-28
2023.06.25 4:40:31,700;-97;-9;-35
2023.06.25 4:40:31,950;-94;-3;-27
2023.06.25 4:40:32,200;-92;-4;-32
2023.06.25 4:40:32,450;-89;-4;-25
2023.06.25 4:40:32,700;-94;-1;-32
2023.06.25 4:40:32,950;-94;-6;-33
2023.06.25 4:40:33,200;-97;4;-32
2023.06.25 4:40:33,450;-89;8;-32
2023.06.25 4:40:33,700;-96;12;-28
2023.06.25 4:40:33,950;-89;20;-32
2023.06.25 4:40:34,200;-97;19;-30
2023.06.25 4:40:34,450;-94;25;-30
2023.06.25 4:40:34,700;-91;22;-30
2023.06.25 4:40:34,950;-86;27;-25
2023.06.25 4:40:35,200;-91;28;-27
2023.06.25 4:40:35,450;-92;24;-27
2023.06.25 4:40:35,700;-96;19;-35
2023.06.25 4:40:35,950;-88;27;-32
2023.06.25 4:40:36,200;-91;24;-30
2023.06.25 4:40:36,450;-99;20;-28
2023.06.25 4:40:36,700;-89;27;-27
2023.06.25 4:40:36,950;-97;20;-25
2023.06.25 4:40:37,200;-97;22;-27
2023.06.25 4:40:37,450;-100;8;-14
2023.06.25 4:40:37,700;-96;16;-27
2023.06.25 4:40:37,950;-92;-6;-24
2023.06.25 4:40:38,200;-91;6;-30
2023.06.25 4:40:38,450;-91;-4;-30
2023.06.25 4:40:38,700;-92;-3;-30
2023.06.25 4:40:38,950;-91;8;-28
2023.06.25 4:40:39,200;-92;4;-36
2023.06.25 4:40:39,450;-100;20;-25
2023.06.25 4:40:39,700;-96;19;-27
2023.06.25 4:40:39,950;-91;12;-28
2023.06.25 4:40:40,200;-94;6;-30
2023.06.25 4:40:40,450;-91;0;-32
2023.06.25 4:40:40,700;-96;4;-28
2023.06.25 4:40:40,950;-91;4;-33
2023.06.25 4:40:41,200;-94;8;-33
2023.06.25 4:40:41,450;-91;4;-30
2023.06.25 4:40:41,700;-97;4;-28
2023.06.25 4:40:41,950;-96;6;-27
2023.06.25 4:40:42,200;-91;3;-27
2023.06.25 4:40:42,450;-97;4;-28
2023.06.25 4:40:42,700;-96;6;-32
2023.06.25 4:40:42,960;-94;8;-24
2023.06.25 4:40:43,210;-92;-6;-30
2023.06.25 4:40:43,460;-96;6;-30
2023.06.25 4:40:43,710;-94;9;-30
2023.06.25 4:40:43,960;-92;9;-27
2023.06.25 4:40:44,210;-96;9;-28
2023.06.25 4:40:44,460;-94;9;-28
2023.06.25 4:40:44,710;-96;9;-30
2023.06.25 4:40:44,960;-96;9;-30
2023.06.25 4:40:45,210;-94;9;-28
2023.06.25 4:40:45,460;-94;8;-28
2023.06.25 4:40:45,710;-96;9;-30
2023.06.25 4:40:45,960;-96;4;-22
2023.06.25 4:40:46,210;-96;8;-17
2023.06.25 4:40:46,460;-94;8;-12
2023.06.25 4:40:46,710;-96;6;-24
2023.06.25 4:40:46,960;-100;9;-33
2023.06.25 4:40:47,210;-91;-1;-27
2023.06.25 4:40:47,460;-89;-11;-25
2023.06.25 4:40:47,710;-92;-4;-28
2023.06.25 4:40:47,960;-99;0;-28
2023.06.25 4:40:48,210;-94;-9;-25
2023.06.25 4:40:48,460;-89;-1;-27
2023.06.25 4:40:48,710;-92;-8;-32
2023.06.25 4:40:48,960;-94;-1;-28
2023.06.25 4:40:49,210;-99;-4;-30
2023.06.25 4:40:49,460;-91;-9;-30
2023.06.25 4:40:49,710;-96;-1;-32
2023.06.25 4:40:49,960;-97;-8;-25
2023.06.25 4:40:50,210;-92;-3;-27
2023.06.25 4:40:50,460;-92;-4;-28
2023.06.25 4:40:50,790;-99;-6;-28
2023.06.25 4:40:51,40;-94;-1;-25
2023.06.25 4:40:51,290;-94;-1;-28
2023.06.25 4:40:51,540;-89;-8;-24
2023.06.25 4:40:51,790;-94;-3;-28
2023.06.25 4:40:52,40;-97;-4;-32
2023.06.25 4:40:52,290;-96;-4;-27
2023.06.25 4:40:52,540;-92;-1;-27
2023.06.25 4:40:52,790;-99;-8;-33
2023.06.25 4:40:53,40;-91;-3;-27
2023.06.25 4:40:53,290;-97;-4;-32
2023.06.25 4:40:53,540;-92;-3;-27
2023.06.25 4:40:53,790;-92;-1;-28
2023.06.25 4:40:54,40;-96;-4;-27
2023.06.25 4:40:54,290;-94;0;-24
2023.06.25 4:40:54,540;-92;-4;-32
2023.06.25 4:40:54,790;-86;-3;-24
2023.06.25 4:40:55,40;-91;-1;-25
2023.06.25 4:40:55,290;-96;-4;-30
2023.06.25 4:40:55,540;-92;-4;-25
2023.06.25 4:40:55,790;-96;-1;-30
2023.06.25 4:40:56,40;-92;-9;-30
2023.06.25 4:40:56,290;-96;-4;-27
2023.06.25 4:40:56,540;-96;0;-28
2023.06.25 4:40:56,790;-96;-6;-28
2023.06.25 4:40:57,40;-96;-1;-30
2023.06.25 4:40:57,290;-97;-4;-33
2023.06.25 4:40:57,540;-97;-1;-28
2023.06.25 4:40:57,810;-91;-3;-28
2023.06.25 4:40:58,60;-94;-4;-28
2023.06.25 4:40:58,310;-92;-1;-27
2023.06.25 4:40:58,560;-94;-4;-33
2023.06.25 4:40:58,810;-94;-4;-30
2023.06.25 4:40:59,60;-94;-4;-30
2023.06.25 4:40:59,310;-91;-4;-28
2023.06.25 4:40:59,560;-94;-1;-30
2023.06.25 4:40:59,810;-96;-4;-33
2023.06.25 4:41:0,60;-92;-1;-32
2023.06.25 4:41:0,310;-92;-1;-30
2023.06.25 4:41:0,560;-94;-3;-28
2023.06.25 4:41:0,810;-96;-4;-25
2023.06.25 4:41:1,60;-96;-6;-33
2023.06.25 4:41:1,310;-96;-1;-28
2023.06.25 4:41:1,560;-97;-1;-28
2023.06.25 4:41:1,810;-97;-8;-35
2023.06.25 4:41:2,60;-91;-3;-30
2023.06.25 4:41:2,310;-96;-6;-28
2023.06.25 4:41:2,560;-96;-1;-28
2023.06.25 4:41:2,810;-91;-3;-30
2023.06.25 4:41:3,60;-88;-4;-25
2023.06.25 4:41:3,310;-91;-1;-30
2023.06.25 4:41:3,560;-97;-6;-35
2023.06.25 4:41:3,810;-96;-3;-30
2023.06.25 4:41:4,60;-96;-4;-33
2023.06.25 4:41:4,310;-96;0;-30
2023.06.25 4:41:4,560;-91;-4;-28
2023.06.25 4:41:4,810;-99;-4;-28
2023.06.25 4:41:5,60;-97;-3;-27
2023.06.25 4:41:5,310;-96;-6;-32
2023.06.25 4:41:5,560;-92;-8;-27
2023.06.25 4:41:5,810;-91;-3;-30
2023.06.25 4:41:6,60;-94;-6;-33
2023.06.25 4:41:6,310;-92;-4;-28
2023.06.25 4:41:6,560;-97;-4;-30
2023.06.25 4:41:6,810;-91;-1;-25
2023.06.25 4:41:7,60;-96;-1;-30
2023.06.25 4:41:7,310;-92;-8;-28
2023.06.25 4:41:7,560;-96;-6;-30
2023.06.25 4:41:7,810;-89;-4;-28
2023.06.25 4:41:8,60;-97;-4;-28
2023.06.25 4:41:8,310;-92;-4;-32
2023.06.25 4:41:8,560;-89;-4;-25
2023.06.25 4:41:8,810;-91;0;-30
2023.06.25 4:41:9,60;-99;-1;-35
2023.06.25 4:41:9,310;-92;0;-27
2023.06.25 4:41:9,560;-97;-1;-33
2023.06.25 4:41:9,810;-89;-1;-30
2023.06.25 4:41:10,60;-91;-4;-35
2023.06.25 4:41:10,310;-100;-8;-40
2023.06.25 4:41:10,560;-92;-1;-33
2023.06.25 4:41:10,810;-96;-4;-33
2023.06.25 4:41:11,60;-96;-3;-27
2023.06.25 4:41:11,310;-94;-6;-33
2023.06.25 4:41:11,560;-92;-1;-25
2023.06.25 4:41:11,810;-94;-3;-33
2023.06.25 4:41:12,60;-91;-6;-32
2023.06.25 4:41:12,310;-94;-1;-30
2023.06.25 4:41:12,560;-96;-4;-30
2023.06.25 4:41:12,810;-94;-3;-32
2023.06.25 4:41:13,60;-97;-8;-33
2023.06.25 4:41:13,310;-92;0;-30
2023.06.25 4:41:13,560;-97;-6;-28
2023.06.25 4:41:13,810;-94;1;-30
2023.06.25 4:41:14,60;-92;-4;-32
2023.06.25 4:41:14,310;-91;-4;-27
2023.06.25 4:41:14,560;-94;-3;-28
2023.06.25 4:41:14,810;-92;-8;-30
2023.06.25 4:41:15,60;-92;-6;-28
2023.06.25 4:41:52,500;-96;-1;-30
2023.06.25 4:41:52,750;-94;3;-28
2023.06.25 4:41:53,0;-96;-3;-32
2023.06.25 4:41:53,250;-92;-6;-28
2023.06.25 4:41:53,500;-99;-3;-28
2023.06.25 4:41:53,750;-94;-3;-28
2023.06.25 4:41:54,20;-99;-1;-32
2023.06.25 4:41:54,270;-96;-1;-28
2023.06.25 4:41:54,520;-96;0;-28
2023.06.25 4:41:54,770;-96;-3;-33
2023.06.25 4:41:55,20;-94;-6;-28
2023.06.25 4:41:55,270;-97;-3;-30
2023.06.25 4:41:55,520;-96;-4;-33
2023.06.25 4:41:55,770;-97;-1;-30
2023.06.25 4:41:56,20;-96;0;-28
2023.06.25 4:41:56,270;-96;0;-32
2023.06.25 4:41:56,520;-97;-1;-33
2023.06.25 4:41:56,770;-89;-3;-27
2023.06.25 4:41:57,20;-92;3;-30
2023.06.25 4:41:57,270;-99;-4;-35
2023.06.25 4:41:57,520;-94;-3;-30
2023.06.25 4:41:57,770;-94;-1;-33
2023.06.25 4:41:58,20;-91;-1;-28
2023.06.25 4:41:58,270;-97;0;-28
2023.06.25 4:41:58,520;-92;0;-28
2023.06.25 4:41:58,770;-94;-1;-28
2023.06.25 4:41:59,20;-94;-3;-27
2023.06.25 4:41:59,270;-92;-4;-25
2023.06.25 4:41:59,520;-94;-3;-25
2023.06.25 4:41:59,770;-96;-8;-25
2023.06.25 4:42:0,20;-97;1;-33
2023.06.25 4:42:0,270;-94;1;-32
2023.06.25 4:42:0,520;-97;0;-27
2023.06.25 4:42:0,770;-89;0;-30
2023.06.25 4:42:1,20;-96;-4;-27
2023.06.25 4:42:1,270;-97;0;-32
2023.06.25 4:42:1,520;-94;-4;-28
2023.06.25 4:42:1,770;-96;-1;-35
2023.06.25 4:42:2,20;-97;1;-30
2023.06.25 4:42:2,270;-97;1;-27
2023.06.25 4:42:2,520;-97;-1;-33
2023.06.25 4:42:2,770;-94;-3;-27
2023.06.25 4:42:3,20;-94;-3;-28
2023.06.25 4:42:3,270;-91;-4;-25
2023.06.25 4:42:3,520;-91;-3;-28
2023.06.25 4:42:3,770;-94;-1;-32
2023.06.25 4:42:4,20;-94;1;-32
2023.06.25 4:42:4,270;-97;-1;-32
2023.06.25 4:42:4,520;-94;0;-28
2023.06.25 4:42:4,770;-97;4;-30
2023.06.25 4:42:5,20;-92;-1;-32
2023.06.25 4:42:5,270;-94;-8;-30
2023.06.25 4:42:5,520;-92;0;-28
2023.06.25 4:42:5,770;-97;-1;-32
2023.06.25 4:42:6,20;-92;-1;-27
2023.06.25 4:42:6,270;-94;4;-27
2023.06.25 4:42:6,520;-96;-6;-30
2023.06.25 4:42:6,770;-96;-3;-33
2023.06.25 4:42:7,20;-96;-1;-28
2023.06.25 4:42:7,270;-94;0;-33
2023.06.25 4:42:7,520;-94;-11;-30
2023.06.25 4:42:7,770;-96;1;-30
2023.06.25 4:42:8,20;-96;0;-32
2023.06.25 4:42:8,270;-92;0;-28
2023.06.25 4:42:8,520;-92;4;-32
2023.06.25 4:42:8,770;-89;1;-30
2023.06.25 4:42:9,20;-94;1;-32
2023.06.25 4:42:9,270;-91;-3;-35
2023.06.25 4:42:9,520;-94;-1;-33
2023.06.25 4:42:9,770;-97;-3;-33
2023.06.25 4:42:10,20;-91;-1;-30
2023.06.25 4:42:10,270;-96;4;-30
2023.06.25 4:42:10,520;-96;1;-30
2023.06.25 4:42:10,770;-100;4;-30
2023.06.25 4:42:11,20;-94;3;-30
2023.06.25 4:42:11,270;-96;-4;-24
2023.06.25 4:42:11,520;-97;1;-30
2023.06.25 4:42:11,770;-94;-3;-35
2023.06.25 4:42:12,20;-94;-6;-25
2023.06.25 4:42:12,270;-94;0;-33
2023.06.25 4:42:12,520;-91;-8;-32
2023.06.25 4:42:12,770;-97;1;-33
2023.06.25 4:42:13,20;-92;-6;-33
2023.06.25 4:42:13,270;-94;0;-30
2023.06.25 4:42:13,520;-91;-6;-32
2023.06.25 4:42:13,780;-92;-6;-30
2023.06.25 4:42:14,30;-97;-3;-32
2023.06.25 4:42:14,280;-91;-1;-30
2023.06.25 4:42:14,530;-96;-3;-30
2023.06.25 4:42:14,780;-96;-6;-33
2023.06.25 4:42:15,110;-88;-3;-32
2023.06.25 4:42:15,360;-97;11;-17
2023.06.25 4:42:15,610;-94;8;-36
2023.06.25 4:42:15,860;-99;3;-36
2023.06.25 4:42:16,110;-92;25;-44
2023.06.25 4:42:16,360;-96;11;-30
2023.06.25 4:42:16,610;-94;17;-28
2023.06.25 4:42:16,860;-86;17;-35
2023.06.25 4:42:17,110;-94;17;-32
2023.06.25 4:42:17,360;-94;17;-33
2023.06.25 4:42:17,610;-92;14;-32
2023.06.25 4:42:17,860;-96;17;-27
2023.06.25 4:42:18,110;-92;11;-33
2023.06.25 4:42:18,360;-96;14;-27
2023.06.25 4:42:18,610;-96;14;-32
2023.06.25 4:42:18,860;-91;9;-30
2023.06.25 4:42:19,110;-94;16;-30
2023.06.25 4:42:19,360;-88;16;-33
2023.06.25 4:42:19,610;-97;14;-28
2023.06.25 4:42:19,860;-88;19;-30
2023.06.25 4:42:20,110;-92;17;-28
2023.06.25 4:42:20,360;-96;19;-33
2023.06.25 4:42:20,610;-97;25;-24
2023.06.25 4:42:20,860;-88;22;-36
2023.06.25 4:42:21,120;-91;16;-30
2023.06.25 4:42:21,370;-88;22;-28
2023.06.25 4:42:21,620;-92;25;-27
2023.06.25 4:42:21,870;-91;27;-27
2023.06.25 4:42:22,120;-92;30;-25
2023.06.25 4:42:22,370;-96;28;-28
2023.06.25 4:42:22,620;-88;19;-22
2023.06.25 4:42:22,870;-97;16;-27
2023.06.25 4:42:23,120;-88;11;-32
2023.06.25 4:42:23,370;-92;4;-28
2023.06.25 4:42:23,620;-89;1;-28
2023.06.25 4:42:23,870;-94;6;-30
2023.06.25 4:42:24,120;-104;-1;-32
2023.06.25 4:42:24,370;-94;-8;-27
2023.06.25 4:42:24,630;-92;0;-36
2023.06.25 4:42:24,880;-94;-8;-27
2023.06.25 4:42:25,130;-92;-11;-27
2023.06.25 4:42:25,380;-96;-4;-35
2023.06.25 4:42:25,630;-94;-6;-30
2023.06.25 4:42:25,880;-96;-6;-35
2023.06.25 4:42:26,130;-91;-8;-35
2023.06.25 4:42:26,380;-91;-9;-27
2023.06.25 4:42:26,630;-94;-6;-33
2023.06.25 4:42:26,880;-91;-6;-28
2023.06.25 4:42:27,130;-96;-3;-30
2023.06.25 4:42:27,380;-96;-6;-32
2023.06.25 4:42:27,630;-92;-4;-25
2023.06.25 4:42:27,880;-94;-4;-35
2023.06.25 4:42:28,130;-94;-4;-30
2023.06.25 4:42:28,380;-91;0;-25
2023.06.25 4:42:28,630;-94;-3;-36
2023.06.25 4:42:28,880;-94;-6;-28
2023.06.25 4:42:29,130;-91;-6;-32
2023.06.25 4:42:29,380;-94;-6;-35
2023.06.25 4:42:29,630;-94;-8;-28
2023.06.25 4:42:29,880;-97;-1;-35
2023.06.25 4:42:30,130;-94;-9;-32
2023.06.25 4:42:30,380;-94;-6;-30
2023.06.25 4:42:30,630;-100;-1;-33
2023.06.25 4:42:30,880;-75;20;-38
2023.06.25 4:42:31,130;-102;-6;-36
2023.06.25 4:42:31,380;-92;-41;-11
2023.06.25 4:42:31,630;-83;-22;-28
2023.06.25 4:42:31,880;-94;-22;-27
2023.06.25 4:42:32,130;-91;-12;-30
2023.06.25 4:42:32,380;-96;-6;-33
2023.06.25 4:42:32,630;-89;-11;-36
2023.06.25 4:42:32,880;-94;-4;-33
2023.06.25 4:42:33,130;-92;-9;-28
2023.06.25 4:42:33,380;-89;-1;-28
2023.06.25 4:42:33,630;-96;-3;-33
2023.06.25 4:42:33,880;-91;-8;-33
2023.06.25 4:42:34,130;-96;3;-30
2023.06.25 4:42:34,380;-92;-3;-25
2023.06.25 4:42:34,630;-91;4;-20
2023.06.25 4:42:34,880;-94;16;-19
2023.06.25 4:42:35,130;-104;16;-30
2023.06.25 4:42:35,380;-97;8;-27
2023.06.25 4:42:35,630;-94;11;-40
2023.06.25 4:42:35,880;-86;9;-28
2023.06.25 4:42:36,130;-94;8;-33
2023.06.25 4:42:36,380;-99;8;-36
2023.06.25 4:42:36,630;-92;4;-32
2023.06.25 4:42:36,880;-92;0;-35
2023.06.25 4:42:37,130;-92;-4;-33
2023.06.25 4:42:37,380;-92;1;-32
2023.06.25 4:42:37,630;-92;-6;-36
2023.06.25 4:42:37,880;-97;3;-36
2023.06.25 4:42:38,130;-96;1;-35
2023.06.25 4:42:38,380;-96;1;-32
2023.06.25 4:42:38,630;-96;3;-35
2023.06.25 4:42:48,210;-92;-9;-38
2023.06.25 4:42:48,460;-94;-8;-30
2023.06.25 4:42:48,710;-92;-9;-32
2023.06.25 4:42:48,960;-88;-6;-28
2023.06.25 4:42:49,230;-97;9;-32
2023.06.25 4:42:49,480;-94;-8;-33
2023.06.25 4:42:49,730;-97;-6;-30
2023.06.25 4:42:49,980;-94;-4;-35
2023.06.25 4:42:50,230;-89;-6;-28
2023.06.25 4:42:50,480;-91;-4;-33
2023.06.25 4:42:50,730;-97;-9;-35
2023.06.25 4:42:50,980;-94;-4;-30
2023.06.25 4:42:51,230;-94;-4;-32
2023.06.25 4:42:51,480;-91;-8;-30
2023.06.25 4:42:51,730;-92;-3;-35
2023.06.25 4:42:51,980;-92;-6;-30
2023.06.25 4:42:52,230;-94;-3;-28
2023.06.25 4:42:52,480;-91;-4;-35
2023.06.25 4:42:52,730;-88;-6;-25
2023.06.25 4:42:52,980;-97;1;-33
2023.06.25 4:42:53,230;-92;-4;-32
2023.06.25 4:42:53,480;-92;-6;-30
2023.06.25 4:42:53,730;-89;3;-28
2023.06.25 4:42:53,980;-86;4;-30
2023.06.25 4:42:54,230;-97;19;-30
2023.06.25 4:42:54,480;-94;28;-33
2023.06.25 4:42:54,730;-91;19;-35
2023.06.25 4:42:54,980;-84;28;-40
2023.06.25 4:42:55,230;-92;22;-30
2023.06.25 4:42:55,480;-92;27;-32
2023.06.25 4:42:55,730;-96;25;-30
2023.06.25 4:42:55,980;-89;27;-30
2023.06.25 4:42:56,230;-86;25;-35
2023.06.25 4:42:56,480;-89;38;-43
2023.06.25 4:42:56,730;-83;43;-36
2023.06.25 4:42:56,980;-73;62;-57
2023.06.25 4:42:57,230;-76;48;-22
2023.06.25 4:43:25,340;-52;70;-51
2023.06.25 4:43:25,590;-51;73;-41
2023.06.25 4:43:25,840;-49;68;-38
2023.06.25 4:43:26,90;-60;67;-33
2023.06.25 4:43:26,340;-62;72;-46
2023.06.25 4:43:26,590;-52;72;-33
2023.06.25 4:43:26,840;-65;68;-33
2023.06.25 4:43:27,90;-67;72;-35
2023.06.25 4:43:27,340;-62;67;-38
2023.06.25 4:43:27,590;-59;60;-28
2023.06.25 4:43:27,840;-68;62;-30
2023.06.25 4:43:28,90;-67;59;-33
2023.06.25 4:43:28,340;-72;46;-20
2023.06.25 4:43:28,590;-73;64;-32
2023.06.25 4:43:28,840;-68;57;-32
2023.06.25 4:43:29,90;-64;60;-33
2023.06.25 4:43:29,340;-80;52;-33
2023.06.25 4:43:29,590;-75;54;-40
2023.06.25 4:43:29,840;-80;36;-40
2023.06.25 4:43:30,90;-72;41;-41
2023.06.25 4:43:30,340;-76;40;-38
2023.06.25 4:43:30,590;-84;27;-33
2023.06.25 4:43:30,840;-89;36;-49
2023.06.25 4:43:31,90;-81;40;-48
2023.06.25 4:43:31,340;-78;36;-32
2023.06.25 4:43:31,590;-86;33;-43
2023.06.25 4:43:31,840;-83;32;-52
2023.06.25 4:43:32,90;-84;25;-38
2023.06.25 4:43:32,340;-80;35;-44
2023.06.25 4:43:32,590;-76;40;-51
2023.06.25 4:43:32,840;-81;51;-36
2023.06.25 4:43:33,90;-70;57;-48
2023.06.25 4:43:33,340;-83;56;-30
2023.06.25 4:43:33,590;-64;65;-41
2023.06.25 4:43:33,840;-62;57;-40
2023.06.25 4:43:34,90;-60;57;-36
2023.06.25 4:43:34,340;-67;68;-38
2023.06.25 4:43:34,590;-64;76;-38
2023.06.25 4:43:34,840;-46;75;-44
2023.06.25 4:43:35,90;-57;78;-46
2023.06.25 4:43:35,340;-57;84;-43
2023.06.25 4:43:35,590;-54;75;-41
2023.06.25 4:43:35,840;-54;76;-40
2023.06.25 4:43:36,90;-33;70;-40
2023.06.25 4:43:36,340;-43;76;-48
2023.06.25 4:43:36,590;-46;76;-44
2023.06.25 4:43:36,840;-52;76;-41
2023.06.25 4:43:37,90;-46;68;-44
2023.06.25 4:43:37,340;-52;76;-41
2023.06.25 4:43:37,590;-44;62;-41
2023.06.25 4:43:37,840;-54;75;-40
2023.06.25 4:43:38,90;-60;68;-36
2023.06.25 4:43:38,420;-65;70;-44
2023.06.25 4:43:38,670;-41;60;-38
2023.06.25 4:43:38,920;-59;80;-38
2023.06.25 4:43:39,170;-51;81;-38
2023.06.25 4:43:39,430;-64;73;-38
2023.06.25 4:43:39,680;-57;67;-30
2023.06.25 4:43:39,930;-48;64;-40
2023.06.25 4:43:40,180;-46;78;-43
2023.06.25 4:43:40,430;-48;64;-38
2023.06.25 4:43:40,680;-62;64;-35
2023.06.25 4:43:40,930;-70;62;-33
2023.06.25 4:43:41,180;-75;65;-27
2023.06.25 4:43:41,430;-59;70;-33
2023.06.25 4:43:41,680;-54;68;-28
2023.06.25 4:43:41,930;-67;65;-32
2023.06.25 4:43:42,180;-72;57;-17
2023.06.25 4:43:42,430;-70;60;-24
2023.06.25 4:43:42,680;-78;49;-43
2023.06.25 4:43:42,930;-89;43;-27
2023.06.25 4:43:43,180;-67;67;-16
2023.06.25 4:43:43,430;-70;76;-44
2023.06.25 4:43:43,680;-62;57;-20
2023.06.25 4:43:43,930;-91;56;-40
2023.06.25 4:43:44,180;-70;46;-27
2023.06.25 4:43:44,430;-78;44;-30
2023.06.25 4:43:44,680;-76;57;-32
2023.06.25 4:43:44,930;-60;51;-22
2023.06.25 4:43:45,180;-76;56;-40
2023.06.25 4:43:45,440;-67;56;-35
2023.06.25 4:43:45,690;-75;51;-44
2023.06.25 4:43:45,940;-59;67;-52
2023.06.25 4:43:46,190;-65;60;-40
2023.06.25 4:43:46,440;-60;57;-51
2023.06.25 4:43:46,690;-51;46;-46
2023.06.25 4:43:46,940;-52;75;-54
2023.06.25 4:43:47,190;-52;81;-33
2023.06.25 4:43:47,440;-44;62;-38
2023.06.25 4:43:47,690;-67;64;-40
2023.06.25 4:43:47,940;-64;60;-41
2023.06.25 4:43:48,190;-52;62;-43
2023.06.25 4:43:48,440;-52;81;-41
2023.06.25 4:43:48,690;-54;67;-48
2023.06.25 4:43:48,940;-57;65;-32
2023.06.25 4:43:49,190;-54;72;-49
2023.06.25 4:43:49,440;-59;62;-33
2023.06.25 4:43:49,690;-62;67;-28
2023.06.25 4:43:49,940;-68;73;-38
2023.06.25 4:43:50,190;-70;60;-28
2023.06.25 4:43:50,440;-65;59;-36
2023.06.25 4:43:50,690;-78;59;-32
2023.06.25 4:43:50,940;-76;60;-28
2023.06.25 4:43:51,190;-68;56;-33
2023.06.25 4:43:51,440;-80;49;-28
2023.06.25 4:43:51,690;-80;56;-36
2023.06.25 4:43:51,940;-54;56;-54
2023.06.25 4:43:52,190;-80;49;-35
2023.06.25 4:43:52,440;-72;59;-30
2023.06.25 4:43:52,690;-67;52;-27
2023.06.25 4:43:52,940;-76;54;-33
2023.06.25 4:44:11,780;-99;33;-1
2023.06.25 4:44:12,30;-99;27;-11
2023.06.25 4:44:12,280;-97;28;-17
2023.06.25 4:44:12,550;-97;27;-14
2023.06.25 4:44:12,800;-91;22;-14
2023.06.25 4:44:13,50;-99;19;-1
2023.06.25 4:44:13,300;-99;30;-9
2023.06.25 4:44:13,550;-92;20;-3
2023.06.25 4:44:13,800;-96;22;-4
2023.06.25 4:44:14,50;-96;24;-6
2023.06.25 4:44:14,300;-94;22;0
2023.06.25 4:44:14,550;-94;25;0
2023.06.25 4:44:14,800;-92;35;-6
2023.06.25 4:44:15,50;-99;25;16
2023.06.25 4:44:15,300;-92;27;4
2023.06.25 4:44:15,550;-91;36;4
2023.06.25 4:44:15,800;-102;24;8
2023.06.25 4:44:16,50;-92;32;4
2023.06.25 4:44:16,300;-94;25;0
2023.06.25 4:44:16,550;-92;25;0
2023.06.25 4:44:16,800;-92;22;-8
2023.06.25 4:44:17,50;-105;20;-16
2023.06.25 4:44:17,300;-67;19;-36
2023.06.25 4:44:17,550;-100;20;-17
2023.06.25 4:44:17,800;-91;12;-20
2023.06.25 4:44:18,50;-88;30;-22
2023.06.25 4:44:18,300;-91;30;-11
2023.06.25 4:44:18,550;-89;49;-16
2023.06.25 4:44:18,800;-81;48;-8
2023.06.25 4:44:19,50;-76;60;-16
2023.06.25 4:44:19,300;-73;57;-9
2023.06.25 4:44:19,550;-67;75;-17
2023.06.25 4:44:19,800;-67;72;-17
2023.06.25 4:44:20,50;-72;73;-19
2023.06.25 4:44:20,300;-68;72;-17
2023.06.25 4:44:20,550;-73;72;-20
2023.06.25 4:44:20,800;-59;65;-14
2023.06.25 4:44:30,300;-88;56;-9
2023.06.25 4:44:30,550;-73;57;-9
2023.06.25 4:44:30,800;-83;48;-12
2023.06.25 4:44:31,50;-81;49;-11
2023.06.25 4:44:31,300;-84;54;-14
2023.06.25 4:44:31,550;-83;48;-12
2023.06.25 4:44:31,800;-76;54;-12
2023.06.25 4:44:32,50;-80;57;-11
2023.06.25 4:44:32,300;-83;57;-6
2023.06.25 4:44:32,550;-76;49;-6
2023.06.25 4:44:32,800;-80;57;-6
2023.06.25 4:44:33,50;-81;57;-3
2023.06.25 4:44:33,300;-80;49;-1
2023.06.25 4:44:33,630;-91;49;-11
2023.06.25 4:44:33,880;-80;43;-12
2023.06.25 4:44:34,130;-78;46;-16
2023.06.25 4:44:34,380;-73;68;-22
2023.06.25 4:44:34,640;-80;52;-19
2023.06.25 4:44:34,890;-88;59;-22
2023.06.25 4:44:35,140;-73;49;-14
2023.06.25 4:44:35,390;-83;51;-12
2023.06.25 4:44:35,640;-84;62;-14
2023.06.25 4:44:35,890;-86;56;-12
2023.06.25 4:44:36,140;-80;59;-14
2023.06.25 4:44:36,390;-80;62;-14
2023.06.25 4:44:36,640;-76;48;-11
2023.06.25 4:44:36,890;-84;49;-17
2023.06.25 4:44:37,140;-78;48;-19
2023.06.25 4:44:37,390;-83;54;-16
2023.06.25 4:44:37,640;-88;44;-14
2023.06.25 4:44:37,890;-84;51;-11
2023.06.25 4:44:38,140;-73;51;-1
2023.06.25 4:44:38,390;-92;49;-8
2023.06.25 4:44:38,640;-80;49;-11
2023.06.25 4:44:38,890;-78;41;-9
2023.06.25 4:44:39,140;-94;36;-6
2023.06.25 4:44:39,390;-84;44;-4
2023.06.25 4:44:39,640;-86;49;-4
2023.06.25 4:44:39,890;-88;49;-12
2023.06.25 4:44:40,140;-84;46;-4
2023.06.25 4:44:40,390;-89;33;4
2023.06.25 4:44:40,650;-86;49;-12
2023.06.25 4:44:40,900;-81;52;-11
2023.06.25 4:44:41,150;-84;44;-11
2023.06.25 4:44:41,400;-84;46;-9
2023.06.25 4:44:41,650;-78;57;-14
2023.06.25 4:44:41,900;-83;49;-11
2023.06.25 4:44:42,150;-91;52;-14
2023.06.25 4:44:42,400;-72;51;-17
2023.06.25 4:44:42,650;-89;43;-14
2023.06.25 4:44:42,900;-81;40;-11
2023.06.25 4:44:43,150;-91;51;-22
2023.06.25 4:44:43,400;-78;52;-14
2023.06.25 4:44:43,650;-89;43;-14
2023.06.25 4:44:43,900;-91;48;-22
2023.06.25 4:44:44,150;-76;52;-12
2023.06.25 4:44:44,400;-80;48;-12
2023.06.25 4:44:44,650;-88;54;-22
2023.06.25 4:44:44,900;-84;49;-24
2023.06.25 4:44:45,150;-80;44;-8
2023.06.25 4:44:45,400;-89;48;-12
2023.06.25 4:44:45,650;-97;48;-17
2023.06.25 4:44:45,900;-83;48;-16
2023.06.25 4:44:46,150;-80;43;-11
2023.06.25 4:44:46,400;-89;56;-19
2023.06.25 4:44:46,650;-84;54;-19
2023.06.25 4:44:46,900;-73;51;-12
2023.06.25 4:44:47,150;-88;54;-16
2023.06.25 4:44:47,400;-86;44;-14
2023.06.25 4:44:47,650;-88;56;-12
2023.06.25 4:44:47,900;-91;49;-17
2023.06.25 4:44:48,150;-91;33;-9
2023.06.25 4:44:48,400;-91;44;-11
2023.06.25 4:44:48,650;-70;56;1
2023.06.25 4:44:48,900;-78;60;-4
2023.06.25 4:44:49,150;-76;60;-8
2023.06.25 4:44:49,400;-76;59;-11
2023.06.25 4:44:49,650;-76;57;-9
2023.06.25 4:44:49,900;-83;56;-8
2023.06.25 4:44:50,150;-80;54;-14
2023.06.25 4:44:50,400;-83;54;-14
2023.06.25 4:44:50,650;-83;52;-17
2023.06.25 4:44:50,900;-76;56;-24
2023.06.25 4:44:51,150;-78;56;-20
2023.06.25 4:44:51,400;-78;56;-14
2023.06.25 4:44:51,650;-83;51;-14
2023.06.25 4:44:51,900;-83;52;-22
2023.06.25 4:44:52,150;-73;54;-24
2023.06.25 4:44:52,400;-70;59;-14
2023.06.25 4:44:52,650;-80;59;-12
2023.06.25 4:44:52,900;-76;56;-17
2023.06.25 4:44:53,150;-81;54;-17
2023.06.25 4:44:53,400;-76;57;-12
2023.06.25 4:44:53,650;-76;59;-11
2023.06.25 4:44:53,910;-80;57;-16
2023.06.25 4:44:54,160;-73;59;-20
2023.06.25 4:44:54,410;-81;52;-16
2023.06.25 4:44:54,660;-80;51;-24
2023.06.25 4:44:54,910;-83;48;-25
2023.06.25 4:44:55,160;-78;51;-27
2023.06.25 4:44:55,410;-80;52;-25
2023.06.25 4:44:55,660;-78;56;-19
2023.06.25 4:44:55,910;-81;49;-24
2023.06.25 4:44:56,160;-78;51;-22
2023.06.25 4:44:56,410;-80;51;-24
2023.06.25 4:44:56,660;-80;54;-24
2023.06.25 4:44:56,910;-81;51;-9
2023.06.25 4:44:57,160;-88;56;-25
2023.06.25 4:44:57,410;-80;49;-16
2023.06.25 4:44:57,660;-83;52;-24
2023.06.25 4:44:57,910;-80;54;-20
2023.06.25 4:44:58,160;-81;51;-20
2023.06.25 4:44:58,410;-80;49;-22
2023.06.25 4:44:58,660;-78;51;-20
2023.06.25 4:44:58,910;-88;43;-16
2023.06.25 4:44:59,160;-81;41;-17
2023.06.25 4:44:59,410;-86;36;-14
2023.06.25 4:44:59,660;-94;33;-19
2023.06.25 4:44:59,910;-102;30;-22
2023.06.25 4:45:0,160;-91;20;-14
2023.06.25 4:45:0,410;-96;19;-17
2023.06.25 4:45:0,660;-96;24;-19
2023.06.25 4:45:0,910;-104;19;-22
2023.06.25 4:45:1,160;-99;11;-4
2023.06.25 4:45:1,410;-91;-4;-16
2023.06.25 4:45:1,740;-89;28;-11
2023.06.25 4:45:1,990;-96;17;-6
2023.06.25 4:45:2,240;-104;41;-17
2023.06.25 4:45:2,490;-76;52;-1
2023.06.25 4:45:2,740;-92;51;-3
2023.06.25 4:45:2,990;-83;56;-9
2023.06.25 4:45:3,240;-83;54;-22
2023.06.25 4:45:3,490;-83;52;-24
2023.06.25 4:45:3,740;-76;48;-30
2023.06.25 4:45:3,990;-80;51;-35
2023.06.25 4:45:4,240;-76;51;-36
2023.06.25 4:45:4,490;-76;52;-35
2023.06.25 4:45:4,740;-72;51;-35
2023.06.25 4:45:4,990;-78;54;-44
2023.06.25 4:45:5,240;-68;62;-33
2023.06.25 4:45:5,490;-68;56;-40
2023.06.25 4:45:5,740;-72;59;-38
2023.06.25 4:45:5,990;-70;59;-33
2023.06.25 4:45:6,240;-70;57;-27
2023.06.25 4:45:6,490;-81;51;-27
2023.06.25 4:45:6,740;-80;48;-25
2023.06.25 4:45:6,990;-80;51;-24
2023.06.25 4:45:7,240;-84;49;-24
2023.06.25 4:45:16,760;-80;49;-24
2023.06.25 4:45:17,10;-86;48;-27
2023.06.25 4:45:17,260;-76;46;-32
2023.06.25 4:45:17,510;-83;49;-27
2023.06.25 4:45:17,760;-81;49;-24
2023.06.25 4:45:18,10;-83;43;-25
2023.06.25 4:45:18,260;-80;54;-27
2023.06.25 4:45:18,510;-86;44;-24
2023.06.25 4:45:18,760;-73;48;-30
2023.06.25 4:45:19,10;-83;49;-30
2023.06.25 4:45:19,260;-76;52;-27
2023.06.25 4:45:19,510;-75;51;-25
2023.06.25 4:45:19,760;-89;44;-28
2023.06.25 4:45:20,10;-76;54;-25
2023.06.25 4:45:20,260;-80;41;-24
2023.06.25 4:45:20,510;-81;49;-35
2023.06.25 4:45:20,760;-89;49;-27
2023.06.25 4:45:21,10;-78;51;-32
2023.06.25 4:45:21,260;-80;46;-20
2023.06.25 4:45:21,510;-84;52;-30
2023.06.25 4:45:21,760;-84;43;-22
2023.06.25 4:45:22,10;-92;51;-28
2023.06.25 4:45:22,260;-84;48;-22
2023.06.25 4:45:22,510;-89;38;-19
2023.06.25 4:45:22,760;-88;33;-20
2023.06.25 4:45:23,10;-92;30;-22
2023.06.25 4:45:23,260;-89;33;-25
2023.06.25 4:45:23,510;-91;35;-14
2023.06.25 4:45:23,760;-88;36;-17
2023.06.25 4:45:24,10;-88;36;-20
2023.06.25 4:45:24,260;-83;35;-11
2023.06.25 4:45:24,510;-86;57;-24
2023.06.25 4:45:24,760;-80;57;-12
2023.06.25 4:45:25,10;-76;65;-11
2023.06.25 4:45:25,260;-68;70;-20
2023.06.25 4:45:25,510;-62;70;-19
2023.06.25 4:45:25,760;-59;76;-30
2023.06.25 4:45:35,350;-92;20;-30
2023.06.25 4:45:35,600;-92;14;-17
2023.06.25 4:45:35,850;-99;16;-17
2023.06.25 4:45:36,100;-96;17;-27
2023.06.25 4:45:36,350;-91;9;-28
2023.06.25 4:45:36,600;-96;16;-27
2023.06.25 4:45:36,860;-108;-3;-49
2023.06.25 4:45:37,110;-96;8;-14
2023.06.25 4:45:37,360;-81;-8;-20
2023.06.25 4:45:37,610;-105;-12;-19
2023.06.25 4:45:37,860;-105;-25;-8
2023.06.25 4:45:38,110;-89;-4;-16
2023.06.25 4:45:38,360;-99;1;-16
2023.06.25 4:45:38,610;-104;-8;-12
2023.06.25 4:45:38,860;-78;-12;-1
2023.06.25 4:45:39,110;-92;-19;-9
2023.06.25 4:45:39,360;-115;-11;-16
2023.06.25 4:45:39,610;-84;-40;-11
2023.06.25 4:45:39,860;-91;-16;-9
2023.06.25 4:45:40,110;-121;1;-12
2023.06.25 4:45:40,360;-102;-1;-19
2023.06.25 4:45:40,610;-97;-11;4
2023.06.25 4:45:40,860;-104;1;-20
2023.06.25 4:45:41,110;-99;-1;-11
2023.06.25 4:45:41,360;-83;-11;3
2023.06.25 4:45:41,610;-108;-3;-19
2023.06.25 4:45:41,860;-108;0;-14
2023.06.25 4:45:42,110;-72;-9;0
2023.06.25 4:45:42,360;-92;1;-11
2023.06.25 4:45:42,610;-123;16;-12
2023.06.25 4:45:42,860;-97;-9;-16
2023.06.25 4:45:43,110;-94;0;-3
2023.06.25 4:45:43,360;-102;-9;-17
2023.06.25 4:45:43,610;-105;19;-1
2023.06.25 4:45:43,860;-62;-22;11
2023.06.25 4:45:44,110;-92;3;-19
2023.06.25 4:45:44,360;112;17;-30
2023.06.25 4:45:44,610;-65;-1;-1
2023.06.25 4:45:44,860;-83;-4;-22
2023.06.25 4:45:45,110;117;12;-20
2023.06.25 4:45:45,360;-100;-11;-9
2023.06.25 4:45:45,610;-96;-4;-16
2023.06.25 4:45:45,860;-112;11;-25
2023.06.25 4:45:46,110;-112;-8;-16
2023.06.25 4:45:46,360;-70;-1;-12
2023.06.25 4:45:46,610;-116;3;-22
2023.06.25 4:45:46,860;-120;1;-22
2023.06.25 4:45:47,110;-68;-1;0
2023.06.25 4:45:47,360;-86;0;-4
2023.06.25 4:45:47,610;-123;6;-32
2023.06.25 4:45:47,860;-92;-11;-35
2023.06.25 4:45:48,110;-91;-8;-17
2023.06.25 4:45:48,360;-112;-1;-36
2023.06.25 4:45:48,610;-105;-4;-27
2023.06.25 4:45:48,860;-96;3;-24
2023.06.25 4:45:49,120;-100;-1;-17
2023.06.25 4:45:49,370;-96;4;-27
2023.06.25 4:45:49,620;-100;3;-25
2023.06.25 4:45:49,870;-76;-8;-19
2023.06.25 4:45:50,120;-84;-3;-24
2023.06.25 4:45:50,370;-110;8;-19
2023.06.25 4:45:50,620;-96;-1;-30
2023.06.25 4:45:50,870;-73;-28;30
2023.06.25 4:45:51,120;-84;-1;-36
2023.06.25 4:45:51,370;-102;20;-6
2023.06.25 4:45:51,620;-89;22;-25
2023.06.25 4:45:51,870;-89;14;-19
2023.06.25 4:45:52,120;-96;35;-33
2023.06.25 4:45:52,370;-92;28;-19
2023.06.25 4:45:52,620;-84;35;-27
2023.06.25 4:45:52,870;-89;48;-44
2023.06.25 4:45:53,120;-83;43;-35
2023.06.25 4:45:53,370;-86;48;-40
2023.06.25 4:45:53,620;-76;40;-35
2023.06.25 4:46:12,470;-76;40;-44
2023.06.25 4:46:12,720;-75;46;-41
2023.06.25 4:46:12,970;-83;41;-40
2023.06.25 4:46:13,220;-73;48;-48
2023.06.25 4:46:13,470;-78;48;-33
2023.06.25 4:46:13,720;-80;41;-36
2023.06.25 4:46:13,970;-70;54;-49
2023.06.25 4:46:14,220;-76;51;-40
2023.06.25 4:46:14,470;-76;44;-38
2023.06.25 4:46:14,720;-81;44;-38
2023.06.25 4:46:14,970;-75;51;-49
2023.06.25 4:46:15,220;-72;49;-44
2023.06.25 4:46:15,470;-75;46;-40
2023.06.25 4:46:15,720;-68;48;-51
2023.06.25 4:46:15,970;-83;43;-36
2023.06.25 4:46:16,220;-78;48;-41
2023.06.25 4:46:16,470;-68;48;-44
2023.06.25 4:46:16,720;-70;48;-46
2023.06.25 4:46:16,970;-84;57;-59
2023.06.25 4:46:17,220;-73;49;-44
2023.06.25 4:46:17,470;-80;46;-41
2023.06.25 4:46:17,720;-73;44;-43
2023.06.25 4:46:17,970;-73;46;-44
2023.06.25 4:46:18,220;-76;44;-43
2023.06.25 4:46:18,470;-76;41;-48
2023.06.25 4:46:18,720;-67;46;-51
2023.06.25 4:46:18,970;-62;49;-49
2023.06.25 4:46:19,220;-54;51;-62
2023.06.25 4:46:19,470;-51;54;-43
2023.06.25 4:46:19,720;-68;48;-48
2023.06.25 4:46:19,970;-83;56;-40
2023.06.25 4:46:20,220;-70;52;-52
2023.06.25 4:46:20,470;-72;49;-51
2023.06.25 4:46:20,720;-72;51;-54
2023.06.25 4:46:20,970;-80;46;-41
2023.06.25 4:46:21,220;-78;48;-40
2023.06.25 4:46:21,470;-80;46;-38
2023.06.25 4:46:31,60;-70;48;-49
2023.06.25 4:46:31,310;-65;49;-52
2023.06.25 4:46:31,560;-72;48;-48
2023.06.25 4:46:31,810;-65;46;-56
2023.06.25 4:46:32,70;-65;48;-54
2023.06.25 4:46:32,320;-73;48;-54
2023.06.25 4:46:32,570;-70;44;-51
2023.06.25 4:46:32,820;-65;54;-62
2023.06.25 4:46:33,70;-78;43;-41
2023.06.25 4:46:33,320;-73;43;-51
2023.06.25 4:46:33,570;-67;44;-41
2023.06.25 4:46:33,820;-76;48;-44
2023.06.25 4:46:34,70;-86;46;-38
2023.06.25 4:46:34,320;-75;44;-35
2023.06.25 4:46:34,570;-73;51;-44
2023.06.25 4:46:34,820;-68;52;-44
2023.06.25 4:46:35,70;-75;52;-36
2023.06.25 4:46:35,320;-70;49;-32
2023.06.25 4:46:35,580;-70;51;-32
2023.06.25 4:46:35,830;-75;54;-40
2023.06.25 4:46:36,80;-76;48;-35
2023.06.25 4:46:36,330;-73;57;-40
2023.06.25 4:46:36,580;-72;56;-43
2023.06.25 4:46:36,830;-65;56;-41
2023.06.25 4:46:37,80;-72;54;-38
2023.06.25 4:46:37,330;-76;48;-25
2023.06.25 4:46:37,580;-76;57;-35
2023.06.25 4:46:37,830;-67;56;-41
2023.06.25 4:46:38,80;-72;48;-32
2023.06.25 4:46:38,330;-75;49;-32
2023.06.25 4:46:38,580;-76;54;-27
2023.06.25 4:46:38,830;-81;46;-36
2023.06.25 4:46:39,80;-78;52;-40
2023.06.25 4:46:39,330;-75;54;-40
2023.06.25 4:46:39,580;-73;46;-36
2023.06.25 4:46:39,830;-80;49;-28
2023.06.25 4:46:40,80;-81;44;-28
2023.06.25 4:46:49,580;-89;43;-19
2023.06.25 4:46:49,830;-88;36;-12
2023.06.25 4:46:50,80;-92;33;-9
2023.06.25 4:46:50,330;-102;24;3
2023.06.25 4:46:50,580;-96;27;-8
2023.06.25 4:46:50,830;-91;25;-3
2023.06.25 4:46:51,80;-96;27;-11
2023.06.25 4:46:51,330;-96;28;-11
2023.06.25 4:46:51,580;-92;30;-9
2023.06.25 4:46:51,830;-97;30;-6
2023.06.25 4:46:52,80;-92;27;-4
2023.06.25 4:46:52,330;-96;28;-9
2023.06.25 4:46:52,580;-94;27;-6
2023.06.25 4:46:52,830;-97;30;-4
2023.06.25 4:46:53,160;-94;25;-4
2023.06.25 4:46:53,410;-100;30;-9
2023.06.25 4:46:53,660;-99;25;-6
2023.06.25 4:46:53,910;-102;27;-6
2023.06.25 4:46:54,160;-100;24;-1
2023.06.25 4:46:54,410;-99;27;0
2023.06.25 4:46:54,660;-97;25;-3
2023.06.25 4:46:54,910;-94;24;0
2023.06.25 4:46:55,160;-99;25;-3
2023.06.25 4:46:55,410;-100;24;-3
2023.06.25 4:46:55,660;-97;22;-1
2023.06.25 4:46:55,910;-100;25;-1
2023.06.25 4:46:56,160;-97;27;1
2023.06.25 4:46:56,410;-94;25;0
2023.06.25 4:46:56,660;-97;22;0
2023.06.25 4:46:56,910;-99;20;4
2023.06.25 4:46:57,160;-96;20;0
2023.06.25 4:46:57,410;-97;22;1
2023.06.25 4:46:57,660;-97;19;-1
2023.06.25 4:46:57,910;-96;20;0
2023.06.25 4:46:58,160;-92;22;-6
2023.06.25 4:46:58,410;-104;19;4
2023.06.25 4:46:58,660;-89;24;-1
2023.06.25 4:46:58,910;-94;38;-17
2023.06.25 4:46:59,160;-92;41;-20
2023.06.25 4:46:59,410;-86;46;-14
2023.06.25 4:46:59,660;-89;41;-20
2023.06.25 4:46:59,910;-91;38;-9
2023.06.25 4:47:0,180;-88;36;-17
2023.06.25 4:47:0,430;-88;36;-20
2023.06.25 4:47:0,680;-88;36;-14
2023.06.25 4:47:0,930;-88;35;-22
2023.06.25 4:47:1,180;-94;36;-20
2023.06.25 4:47:1,430;-88;38;-20
2023.06.25 4:47:1,680;-92;38;-30
2023.06.25 4:47:1,930;-92;32;-28
2023.06.25 4:47:2,180;-107;27;-19
2023.06.25 4:47:2,430;-89;28;-17
2023.06.25 4:47:2,680;-104;19;-6
2023.06.25 4:47:2,930;-97;9;-4
2023.06.25 4:47:3,180;-89;3;3
2023.06.25 4:47:3,430;-99;3;-1
2023.06.25 4:47:3,680;-99;4;0
2023.06.25 4:47:3,930;-100;4;-3
2023.06.25 4:47:4,180;-102;3;-1
2023.06.25 4:47:4,430;-97;0;-1
2023.06.25 4:47:4,680;-96;-1;-3
2023.06.25 4:47:4,930;-102;1;-1
2023.06.25 4:47:5,180;-100;-4;0
2023.06.25 4:47:5,430;-102;-3;-1
2023.06.25 4:47:5,680;-97;-3;-3
2023.06.25 4:47:5,930;-96;-8;-1
2023.06.25 4:47:6,180;-99;-6;-1
2023.06.25 4:47:6,430;-99;-3;0
2023.06.25 4:47:6,680;-100;-1;-1
2023.06.25 4:47:6,930;-100;-3;1
2023.06.25 4:47:7,180;-102;1;-1
2023.06.25 4:47:7,430;-102;3;-1
2023.06.25 4:47:7,680;-96;-1;0
2023.06.25 4:47:7,930;-99;4;-1
2023.06.25 4:47:8,180;-92;0;-3
2023.06.25 4:47:8,430;-99;1;-1
2023.06.25 4:47:8,680;-97;4;-4
2023.06.25 4:47:8,930;-96;6;-3
2023.06.25 4:47:9,180;-97;11;-6
2023.06.25 4:47:9,430;-96;12;-6
2023.06.25 4:47:9,680;-99;8;-3
2023.06.25 4:47:9,930;-96;-1;-11
2023.06.25 4:47:10,180;-100;9;-4
2023.06.25 4:47:10,430;-86;-3;-14
2023.06.25 4:47:10,680;-97;0;-1
2023.06.25 4:47:10,930;-96;4;-11
2023.06.25 4:47:11,180;-92;3;-1
2023.06.25 4:47:11,430;-94;19;-14
2023.06.25 4:47:11,680;-99;14;-16
2023.06.25 4:47:11,930;-92;6;-19
2023.06.25 4:47:12,180;-81;-1;-12
2023.06.25 4:47:12,430;-91;1;-9
2023.06.25 4:47:12,680;-102;8;-3
2023.06.25 4:47:12,930;-91;16;-9
2023.06.25 4:47:13,180;-96;9;-12
2023.06.25 4:47:13,430;-96;6;-4
2023.06.25 4:47:13,680;-94;16;-9
2023.06.25 4:47:13,930;-104;14;-9
2023.06.25 4:47:14,180;-97;19;-12
2023.06.25 4:47:14,430;-100;30;-3
2023.06.25 4:47:14,680;-92;12;-11
2023.06.25 4:47:14,930;-92;17;-11
2023.06.25 4:47:15,180;-100;27;-1
2023.06.25 4:47:15,430;-100;35;-1
2023.06.25 4:47:15,680;-110;14;-6
2023.06.25 4:47:15,930;-83;27;33
2023.06.25 4:47:16,180;-110;-17;-9
2023.06.25 4:47:16,430;-96;3;3
2023.06.25 4:47:16,680;-113;1;-22
2023.06.25 4:47:16,930;-102;19;-8
2023.06.25 4:47:17,180;119;0;-27
2023.06.25 4:47:17,430;-89;9;-6
2023.06.25 4:47:17,680;-97;-1;-24
2023.06.25 4:47:17,930;-70;22;-3
2023.06.25 4:47:18,180;-73;24;-6
2023.06.25 4:47:18,430;-102;9;-11
2023.06.25 4:47:18,680;-100;-8;-35
2023.06.25 4:47:18,930;-97;-1;-19
2023.06.25 4:47:19,180;-68;-27;-68
2023.06.25 4:47:19,430;-120;-6;0
2023.06.25 4:47:19,680;-94;-35;-27
2023.06.25 4:47:19,930;-72;-4;-17
2023.06.25 4:47:20,180;-100;11;-33
2023.06.25 4:47:20,430;-81;6;-33
2023.06.25 4:47:20,680;-120;3;-41
2023.06.25 4:47:20,930;-99;17;-38
2023.06.25 4:47:21,270;-44;-38;-28
2023.06.25 4:47:21,520;-80;19;-52
2023.06.25 4:47:21,770;-70;-9;-51
2023.06.25 4:47:22,20;-118;-4;-54
2023.06.25 4:47:22,270;-91;11;-52
2023.06.25 4:47:22,520;-83;8;-57
2023.06.25 4:47:22,770;-54;4;-28
2023.06.25 4:47:23,20;-105;16;-51
2023.06.25 4:47:23,270;-99;3;-57
2023.06.25 4:47:23,520;-51;12;0
2023.06.25 4:47:23,770;-62;9;-36
2023.06.25 4:47:24,20;-104;0;-38
2023.06.25 4:47:24,270;125;-17;-72
2023.06.25 4:47:24,520;-30;-9;-40
2023.06.25 4:47:24,770;-105;-4;-11
2023.06.25 4:47:25,20;-88;0;-57
2023.06.25 4:47:25,270;-126;-1;124
2023.06.25 4:47:25,520;-81;-9;-43
2023.06.25 4:47:25,770;-57;-1;-51
2023.06.25 4:47:26,20;-94;-4;-49
2023.06.25 4:47:26,270;-68;6;-51
2023.06.25 4:47:26,520;-48;-38;-80
2023.06.25 4:47:26,770;-96;1;-52
2023.06.25 4:47:27,20;-44;9;-40
2023.06.25 4:47:27,270;-51;-9;9
2023.06.25 4:47:27,520;-80;8;-51
2023.06.25 4:47:27,770;-96;94;-110
2023.06.25 4:47:28,20;-126;-16;-1
2023.06.25 4:47:28,280;-78;1;-96
2023.06.25 4:47:28,530;14;0;3
2023.06.25 4:47:28,780;-68;-12;-27
2023.06.25 4:47:29,30;-84;105;-123
2023.06.25 4:47:29,280;-92;-35;-41
2023.06.25 4:47:29,530;-76;36;-76
2023.06.25 4:47:29,780;-67;8;-33
2023.06.25 4:47:30,30;-91;6;-30
2023.06.25 4:47:30,280;-84;25;-38
2023.06.25 4:47:30,530;-80;17;-38
2023.06.25 4:47:30,780;-76;35;-48
2023.06.25 4:47:31,30;-65;35;-76
2023.06.25 4:47:31,280;-72;11;-65
2023.06.25 4:47:31,530;-20;30;-88
2023.06.25 4:47:31,790;72;-65;-115
2023.06.25 4:47:32,40;-70;46;-56
2023.06.25 4:47:32,290;-62;46;-59
2023.06.25 4:47:32,540;-62;41;-67
2023.06.25 4:47:32,790;-60;49;-59
2023.06.25 4:47:33,40;-57;46;-59
2023.06.25 4:47:33,290;-64;46;-59
2023.06.25 4:47:33,540;-62;51;-60
2023.06.25 4:47:33,790;-65;48;-57
2023.06.25 4:47:34,40;-62;51;-56
2023.06.25 4:47:34,290;-59;54;-56
2023.06.25 4:47:34,540;-62;40;-59
2023.06.25 4:47:34,790;-59;44;-64
2023.06.25 4:47:35,40;-56;40;-59
2023.06.25 4:47:35,290;-62;43;-60
2023.06.25 4:47:35,540;-68;44;-62
2023.06.25 4:47:35,790;-65;56;-56
2023.06.25 4:47:45,290;-57;44;-70
2023.06.25 4:47:45,540;-60;46;-70
2023.06.25 4:47:45,790;-67;46;-68
2023.06.25 4:47:46,40;-52;51;-46
2023.06.25 4:47:46,290;-73;52;-51
2023.06.25 4:47:46,540;-65;57;-75
2023.06.25 4:47:46,790;-49;49;-48
2023.06.25 4:47:47,40;-68;49;-60
2023.06.25 4:47:47,290;-59;48;-48
2023.06.25 4:47:47,540;-68;44;-52
2023.06.25 4:47:47,790;-64;57;-59
2023.06.25 4:47:48,40;-68;49;-51
2023.06.25 4:47:48,290;-65;44;-54
2023.06.25 4:47:48,540;-68;46;-51
2023.06.25 4:47:48,790;-64;49;-41
2023.06.25 4:47:49,40;-65;49;-49
2023.06.25 4:47:49,370;-67;41;-49
2023.06.25 4:47:49,620;-78;48;-56
2023.06.25 4:47:49,870;-72;49;-57
2023.06.25 4:47:50,120;-73;41;-49
2023.06.25 4:47:50,370;-67;43;-52
2023.06.25 4:47:50,620;-62;51;-60
2023.06.25 4:47:50,870;-56;52;-51
2023.06.25 4:47:51,120;-64;49;-49
2023.06.25 4:47:51,370;-70;48;-54
2023.06.25 4:47:51,620;-65;48;-54
2023.06.25 4:47:51,870;-64;48;-57
2023.06.25 4:47:52,120;-70;51;-59
2023.06.25 4:47:52,370;-54;51;-60
2023.06.25 4:47:52,620;-65;44;-59
2023.06.25 4:47:52,870;-65;43;-62
2023.06.25 4:47:53,120;-73;44;-62
2023.06.25 4:47:53,370;-64;43;-60
2023.06.25 4:47:53,620;-67;43;-52
2023.06.25 4:47:53,870;-78;43;-49
2023.06.25 4:47:54,120;-64;49;-54
2023.06.25 4:47:54,370;-67;46;-65
2023.06.25 4:47:54,620;-62;46;-52
2023.06.25 4:47:54,870;-64;54;-57
2023.06.25 4:47:55,120;-64;49;-56
2023.06.25 4:47:55,390;-62;49;-59
2023.06.25 4:47:55,640;-64;52;-62
2023.06.25 4:47:55,890;-54;52;-62
2023.06.25 4:47:56,140;-49;51;-67
2023.06.25 4:47:56,390;-52;46;-56
2023.06.25 4:47:56,640;-48;56;-68
2023.06.25 4:47:56,890;-56;52;-62
2023.06.25 4:47:57,140;-49;57;-68
2023.06.25 4:47:57,390;-70;43;-56
2023.06.25 4:47:57,640;-43;54;-75
2023.06.25 4:47:57,890;-56;49;-54
2023.06.25 4:47:58,140;-56;51;-62
2023.06.25 4:47:58,390;-59;46;-68
2023.06.25 4:47:58,640;-60;52;-65
2023.06.25 4:47:58,890;-51;44;-56
2023.06.25 4:47:59,140;-59;54;-62
2023.06.25 4:47:59,390;-49;49;-59
2023.06.25 4:47:59,640;-49;49;-64
2023.06.25 4:47:59,890;-64;43;-59
2023.06.25 4:48:0,140;-62;56;-73
2023.06.25 4:48:0,390;-49;51;-54
2023.06.25 4:48:0,640;-64;54;-57
2023.06.25 4:48:0,890;-60;51;-59
2023.06.25 4:48:1,140;-54;52;-57
2023.06.25 4:48:1,390;-43;44;-65
2023.06.25 4:48:1,640;-80;51;-59
2023.06.25 4:48:1,890;-49;60;-76
2023.06.25 4:48:2,140;-60;46;-59
2023.06.25 4:48:2,390;-52;51;-60
2023.06.25 4:48:2,640;-64;33;-52
2023.06.25 4:48:2,890;-43;49;-67
2023.06.25 4:48:3,140;-67;36;-67
2023.06.25 4:48:3,390;-54;51;-52
2023.06.25 4:48:3,640;-59;48;-56
2023.06.25 4:48:22,480;-81;40;-60
2023.06.25 4:48:22,730;-72;40;-64
2023.06.25 4:48:22,980;-67;36;-57
2023.06.25 4:48:23,230;-73;44;-57
2023.06.25 4:48:23,490;-70;38;-57
2023.06.25 4:48:23,740;-59;41;-67
2023.06.25 4:48:23,990;-72;41;-60
2023.06.25 4:48:24,240;-64;48;-72
2023.06.25 4:48:24,490;-75;38;-73
2023.06.25 4:48:24,740;-83;38;-60
2023.06.25 4:48:24,990;-48;44;-65
2023.06.25 4:48:25,240;-84;30;-60
2023.06.25 4:48:25,490;-67;33;-64
2023.06.25 4:48:25,740;-70;32;-54
2023.06.25 4:48:25,990;-86;28;-60
2023.06.25 4:48:26,240;-75;35;-64
2023.06.25 4:48:26,490;-83;33;-56
2023.06.25 4:48:26,740;-59;38;-49
2023.06.25 4:48:27,0;-83;33;-59
2023.06.25 4:48:27,250;-72;38;-49
2023.06.25 4:48:27,500;-81;38;-60
2023.06.25 4:48:27,750;-70;38;-48
2023.06.25 4:48:28,0;-88;27;-54
2023.06.25 4:48:28,250;-75;38;-51
2023.06.25 4:48:28,500;-83;32;-44
2023.06.25 4:48:28,750;-78;32;-41
2023.06.25 4:48:29,0;-88;25;-46
2023.06.25 4:48:29,250;-81;32;-41
2023.06.25 4:48:29,500;-86;32;-41
2023.06.25 4:48:29,750;-80;30;-33
2023.06.25 4:48:30,0;-84;27;-44
2023.06.25 4:48:30,250;-86;30;-38
2023.06.25 4:48:30,500;-88;46;-40
2023.06.25 4:48:30,750;-84;35;-43
2023.06.25 4:48:31,0;-83;48;-48
2023.06.25 4:48:31,250;-84;40;-40
2023.06.25 4:48:31,500;-78;40;-44
2023.06.25 4:48:59,600;-81;43;-33
2023.06.25 4:48:59,850;-78;51;-35
2023.06.25 4:49:0,100;-84;54;-38
2023.06.25 4:49:0,350;-62;57;-30
2023.06.25 4:49:0,600;-84;57;-24
2023.06.25 4:49:0,850;-81;59;-22
2023.06.25 4:49:1,100;-73;60;-24
2023.06.25 4:49:1,350;-67;67;-20
2023.06.25 4:49:1,600;-67;59;-19
2023.06.25 4:49:1,850;-68;46;-19
2023.06.25 4:49:2,100;-88;57;-22
2023.06.25 4:49:2,350;-62;43;-9
2023.06.25 4:49:2,600;-102;78;-36
2023.06.25 4:49:2,850;-68;54;-33
2023.06.25 4:49:3,100;-80;44;-33
2023.06.25 4:49:3,350;-86;43;-28
2023.06.25 4:49:3,600;-80;59;-35
2023.06.25 4:49:3,850;-86;49;-20
2023.06.25 4:49:4,100;-89;48;-32
2023.06.25 4:49:4,350;-91;52;-41
2023.06.25 4:49:4,600;-92;41;-32
2023.06.25 4:49:4,850;-65;49;-40
2023.06.25 4:49:5,100;-78;46;-38
2023.06.25 4:49:5,350;-76;48;-41
2023.06.25 4:49:5,600;-75;54;-38
2023.06.25 4:49:5,850;-81;43;-38
2023.06.25 4:49:6,100;-72;60;-41
2023.06.25 4:49:6,350;-81;48;-28
2023.06.25 4:49:6,600;-72;49;-48
2023.06.25 4:49:6,850;-88;46;-32
2023.06.25 4:49:7,100;-81;52;-35
2023.06.25 4:49:7,350;-80;44;-33
2023.06.25 4:49:7,600;-62;49;-35
2023.06.25 4:49:7,850;-86;48;-33
2023.06.25 4:49:8,100;-78;52;-35
2023.06.25 4:49:8,350;-78;43;-41
2023.06.25 4:49:8,600;-70;49;-35
2023.06.25 4:49:18,190;-76;46;-24
2023.06.25 4:49:18,440;-83;43;-28
2023.06.25 4:49:18,690;-84;24;-24
2023.06.25 4:49:18,940;-86;44;-28
2023.06.25 4:49:19,190;-86;36;-19
2023.06.25 4:49:19,440;-84;41;-25
2023.06.25 4:49:19,700;-94;36;-27
2023.06.25 4:49:19,950;-72;51;-38
2023.06.25 4:49:20,200;-88;38;-33
2023.06.25 4:49:20,450;-76;44;-35
2023.06.25 4:49:20,700;-78;48;-38
2023.06.25 4:49:20,950;-78;46;-44
2023.06.25 4:49:21,200;-83;57;-38
2023.06.25 4:49:21,450;-73;41;-46
2023.06.25 4:49:21,700;-83;38;-41
2023.06.25 4:49:21,950;-76;35;-41
2023.06.25 4:49:22,200;-83;36;-51
2023.06.25 4:49:22,450;-84;33;-40
2023.06.25 4:49:22,700;-83;41;-38
2023.06.25 4:49:22,950;-76;38;-44
2023.06.25 4:49:23,210;-84;36;-49
2023.06.25 4:49:23,460;-84;41;-36
2023.06.25 4:49:23,710;-81;35;-40
2023.06.25 4:49:23,960;-76;33;-36
2023.06.25 4:49:24,210;-88;28;-48
2023.06.25 4:49:24,460;-88;32;-38
2023.06.25 4:49:24,710;-73;36;-48
2023.06.25 4:49:24,960;-94;20;-36
2023.06.25 4:49:25,210;-83;35;-43
2023.06.25 4:49:25,460;-80;35;-43
2023.06.25 4:49:25,710;-83;35;-43
2023.06.25 4:49:25,960;-81;43;-36
2023.06.25 4:49:26,210;-81;40;-30
2023.06.25 4:49:26,460;-86;32;-33
2023.06.25 4:49:26,710;-86;38;-32
2023.06.25 4:49:26,960;-83;36;-35
2023.06.25 4:49:27,210;-86;40;-32
2023.06.25 4:49:27,460;-80;36;-33
2023.06.25 4:49:27,710;-86;43;-40
2023.06.25 4:49:27,960;-80;43;-36
2023.06.25 4:49:28,210;-83;48;-38
2023.06.25 4:49:28,460;-88;44;-33
2023.06.25 4:49:28,710;-64;49;-41
2023.06.25 4:49:28,960;-80;54;-32
2023.06.25 4:49:29,210;-72;49;-46
2023.06.25 4:49:29,460;-92;43;-38
2023.06.25 4:49:29,710;-78;52;-52
2023.06.25 4:49:29,960;-83;36;-28
2023.06.25 4:49:30,210;-97;33;-30
2023.06.25 4:49:30,460;-76;41;-32
2023.06.25 4:49:30,710;-83;44;-33
2023.06.25 4:49:30,960;-78;35;-28
2023.06.25 4:49:31,210;-91;48;-32
2023.06.25 4:49:31,460;-73;44;-27
2023.06.25 4:49:31,710;-81;46;-24
2023.06.25 4:49:31,960;-76;56;-30
2023.06.25 4:49:32,210;-84;44;-27
2023.06.25 4:49:32,460;-76;49;-30
2023.06.25 4:49:32,710;-88;44;-33
2023.06.25 4:49:32,960;-80;46;-38
2023.06.25 4:49:33,210;-92;44;-41
2023.06.25 4:49:33,460;-84;35;-28
2023.06.25 4:49:33,710;-80;46;-30
2023.06.25 4:49:33,960;-88;41;-24
2023.06.25 4:49:34,210;-78;41;-35
2023.06.25 4:49:34,460;-78;48;-28
2023.06.25 4:49:34,710;-94;41;-36
2023.06.25 4:49:34,960;-83;44;-38
2023.06.25 4:49:35,210;-81;51;-35
2023.06.25 4:49:35,460;-88;43;-24
2023.06.25 4:49:35,710;-88;44;-35
2023.06.25 4:49:35,960;-86;38;-35
2023.06.25 4:49:36,210;-88;30;-25
2023.06.25 4:49:36,460;-81;33;-36
2023.06.25 4:49:36,710;-89;30;-25
2023.06.25 4:49:36,960;-96;27;-33
2023.06.25 4:49:37,210;-89;22;-28
2023.06.25 4:49:37,460;-91;14;-22
2023.06.25 4:49:37,710;-92;6;-35
2023.06.25 4:49:37,960;-76;8;-32
2023.06.25 4:49:38,210;-91;6;-20
2023.06.25 4:49:38,460;-86;24;-46
2023.06.25 4:49:38,710;-89;22;-25
2023.06.25 4:49:38,960;-84;32;-27
2023.06.25 4:49:39,210;-84;46;-30
2023.06.25 4:49:39,460;-73;49;-28
2023.06.25 4:49:39,710;-78;59;-33
2023.06.25 4:49:39,960;-73;59;-33
2023.06.25 4:49:40,210;-73;52;-40
2023.06.25 4:49:40,460;-70;57;-46
2023.06.25 4:49:40,790;-68;49;-41
2023.06.25 4:49:41,40;-75;54;-46
2023.06.25 4:49:41,290;-75;48;-43
2023.06.25 4:49:41,540;-72;51;-43
2023.06.25 4:49:41,790;-72;49;-46
2023.06.25 4:49:42,40;-73;46;-49
2023.06.25 4:49:42,290;-73;51;-51
2023.06.25 4:49:42,540;-68;48;-46
2023.06.25 4:49:42,790;-75;44;-52
2023.06.25 4:49:43,40;-67;51;-60
2023.06.25 4:49:43,290;-73;46;-52
2023.06.25 4:49:43,540;-70;51;-54
2023.06.25 4:49:43,790;-76;41;-51
2023.06.25 4:49:44,40;-68;46;-52
2023.06.25 4:49:44,290;-70;41;-51
2023.06.25 4:49:44,540;-72;51;-52
2023.06.25 4:49:44,790;-68;52;-54
2023.06.25 4:49:45,40;-68;41;-48
2023.06.25 4:49:45,290;-70;51;-52
2023.06.25 4:49:45,540;-70;43;-51
2023.06.25 4:49:45,790;-68;49;-54
2023.06.25 4:49:46,40;-72;51;-51
2023.06.25 4:49:46,290;-70;49;-51
2023.06.25 4:49:46,540;-73;43;-49
2023.06.25 4:49:46,810;-76;48;-51
2023.06.25 4:49:47,60;-83;44;-41
2023.06.25 4:49:47,310;-80;44;-46
2023.06.25 4:49:47,560;-76;43;-40
2023.06.25 4:49:47,810;-73;40;-36
2023.06.25 4:49:48,60;-83;46;-40
2023.06.25 4:49:48,310;-81;52;-36
2023.06.25 4:49:48,560;-78;49;-30
2023.06.25 4:49:48,810;-73;57;-33
2023.06.25 4:49:49,60;-73;57;-41
2023.06.25 4:49:49,310;-81;43;-33
2023.06.25 4:49:49,560;-68;60;-43
2023.06.25 4:49:49,810;-72;49;-41
2023.06.25 4:49:50,60;-76;54;-46
2023.06.25 4:49:50,310;-73;64;-54
2023.06.25 4:49:50,560;-73;54;-46
2023.06.25 4:49:50,810;-67;48;-40
2023.06.25 4:49:51,60;-84;51;-40
2023.06.25 4:49:51,310;-68;49;-48
2023.06.25 4:49:51,560;-70;46;-44
2023.06.25 4:49:51,810;-75;46;-46
2023.06.25 4:49:52,60;-75;49;-49
2023.06.25 4:49:52,310;-76;44;-43
2023.06.25 4:49:52,560;-68;51;-49
2023.06.25 4:49:52,810;-72;56;-49
2023.06.25 4:49:53,60;-62;54;-48
2023.06.25 4:49:53,310;-72;49;-46
2023.06.25 4:49:53,560;-59;52;-54
2023.06.25 4:49:53,810;-72;46;-59
2023.06.25 4:49:54,60;-75;41;-54
2023.06.25 4:49:54,310;-64;40;-59
2023.06.25 4:49:54,560;-67;44;-54
2023.06.25 4:49:54,810;-67;49;-56
2023.06.25 4:49:55,60;-62;40;-56
2023.06.25 4:49:55,310;-73;46;-54
2023.06.25 4:49:55,560;-67;44;-57
2023.06.25 4:49:55,810;-64;41;-59
2023.06.25 4:49:56,60;-60;43;-57
2023.06.25 4:49:56,310;-72;40;-57
2023.06.25 4:49:56,560;-67;43;-62
2023.06.25 4:49:56,810;-70;48;-52
2023.06.25 4:49:57,60;-72;41;-52
2023.06.25 4:49:57,310;-72;33;-57
2023.06.25 4:49:57,560;-73;43;-57
2023.06.25 4:49:57,810;-76;51;-52
2023.06.25 4:49:58,60;-70;41;-48
2023.06.25 4:49:58,310;-81;49;-44
2023.06.25 4:49:58,560;-76;33;-40
2023.06.25 4:49:58,810;-80;38;-44
2023.06.25 4:49:59,60;-81;43;-40
2023.06.25 4:49:59,310;-94;36;-40
2023.06.25 4:49:59,560;-88;38;-38
2023.06.25 4:49:59,810;-78;33;-33
2023.06.25 4:50:0,60;-94;30;-43
2023.06.25 4:50:0,310;-88;67;-46
2023.06.25 4:50:0,560;-100;89;-49
2023.06.25 4:50:0,810;-107;68;-36
2023.06.25 4:50:1,60;-80;17;-43
2023.06.25 4:50:1,310;-80;27;-35
2023.06.25 4:50:1,560;-81;24;-36
2023.06.25 4:50:1,810;-84;38;-36
2023.06.25 4:50:2,60;-84;36;-35
2023.06.25 4:50:2,310;-83;40;-30
2023.06.25 4:50:2,560;-86;33;-33
2023.06.25 4:50:2,810;-83;35;-35
2023.06.25 4:50:3,60;-84;32;-35
2023.06.25 4:50:3,310;-84;28;-36
2023.06.25 4:50:3,560;-86;30;-40
2023.06.25 4:50:3,810;-89;36;-43
2023.06.25 4:50:4,60;-91;30;-30
2023.06.25 4:50:4,310;-75;33;-51
2023.06.25 4:50:4,560;-96;11;-25
2023.06.25 4:50:4,810;-84;19;-44
2023.06.25 4:50:5,60;-97;28;-38
2023.06.25 4:50:5,310;-84;19;-30
2023.06.25 4:50:5,560;-88;17;-38
2023.06.25 4:50:5,810;-99;36;-41
2023.06.25 4:50:6,60;-99;33;-43
2023.06.25 4:50:6,310;-70;11;-38
2023.06.25 4:50:6,560;-83;27;-35
2023.06.25 4:50:6,810;-99;25;-38
2023.06.25 4:50:7,60;-68;28;-40
2023.06.25 4:50:7,310;-81;32;-46
2023.06.25 4:50:7,560;-110;25;-43
2023.06.25 4:50:7,890;-70;19;-46
2023.06.25 4:50:8,140;-81;27;-27
2023.06.25 4:50:8,390;-104;33;-40
2023.06.25 4:50:8,640;-83;19;-40
2023.06.25 4:50:8,900;-76;33;-60
2023.06.25 4:50:9,150;-94;1;-24
2023.06.25 4:50:9,400;-75;30;-46
2023.06.25 4:50:9,650;-83;30;-40
2023.06.25 4:50:9,900;-88;28;-36
2023.06.25 4:50:10,150;-84;25;-41
2023.06.25 4:50:10,400;-108;24;-35
2023.06.25 4:50:10,650;-73;30;-52
2023.06.25 4:50:10,900;-83;19;-40
2023.06.25 4:50:11,150;-83;35;-54
2023.06.25 4:50:11,400;-78;27;-48
2023.06.25 4:50:11,650;-97;20;-30
2023.06.25 4:50:11,900;-80;24;-46
2023.06.25 4:50:12,150;-94;32;-41
2023.06.25 4:50:12,400;-81;24;-40
2023.06.25 4:50:12,650;-86;14;-32
2023.06.25 4:50:12,900;-96;17;-35
2023.06.25 4:50:13,150;-91;25;-35
2023.06.25 4:50:13,400;-88;12;-25
2023.06.25 4:50:13,650;-94;22;-30
2023.06.25 4:50:13,900;-99;30;-32
2023.06.25 4:50:14,150;-89;30;-32
2023.06.25 4:50:14,400;-83;25;-27
2023.06.25 4:50:14,650;-89;24;-32
2023.06.25 4:50:14,910;-89;32;-33
2023.06.25 4:50:15,160;-89;27;-38
2023.06.25 4:50:15,410;-84;28;-43
2023.06.25 4:50:15,660;-92;32;-28
2023.06.25 4:50:15,910;-84;32;-38
2023.06.25 4:50:16,160;-75;28;-48
2023.06.25 4:50:16,410;-80;33;-38
2023.06.25 4:50:16,660;-89;32;-33
2023.06.25 4:50:16,910;-68;28;-44
2023.06.25 4:50:17,160;-86;36;-41
2023.06.25 4:50:17,410;-88;35;-35
2023.06.25 4:50:17,660;-86;32;-35
2023.06.25 4:50:17,910;-86;30;-36
2023.06.25 4:50:18,160;-88;36;-30
2023.06.25 4:50:18,410;-92;30;-28
2023.06.25 4:50:18,660;-86;28;-33
2023.06.25 4:50:18,910;-94;22;-27
2023.06.25 4:50:19,160;-83;28;-28
2023.06.25 4:50:19,410;-92;25;-25
2023.06.25 4:50:19,660;-89;24;-28
2023.06.25 4:50:19,910;-89;24;-28
2023.06.25 4:50:20,160;-92;25;-28
2023.06.25 4:50:20,410;-88;25;-28
2023.06.25 4:50:20,660;-86;22;-30
2023.06.25 4:50:20,910;-92;28;-32
2023.06.25 4:50:21,160;-84;33;-33
2023.06.25 4:50:21,410;-96;24;-25
2023.06.25 4:50:21,660;-86;30;-32
2023.06.25 4:50:21,910;-88;27;-28
2023.06.25 4:50:22,160;-89;32;-32
2023.06.25 4:50:22,410;-89;28;-30
2023.06.25 4:50:22,660;-88;28;-32
2023.06.25 4:50:22,910;-91;30;-33
2023.06.25 4:50:23,160;-94;32;-32
2023.06.25 4:50:23,410;-91;30;-28
2023.06.25 4:50:23,660;-92;30;-30
2023.06.25 4:50:23,910;-81;27;-35
2023.06.25 4:50:24,160;-91;25;-28
2023.06.25 4:50:24,410;-89;30;-30
2023.06.25 4:50:24,660;-89;30;-30
2023.06.25 4:50:24,910;-88;30;-28
2023.06.25 4:50:25,160;-89;32;-30
2023.06.25 4:50:25,410;-88;28;-32
2023.06.25 4:50:25,660;-91;32;-33
2023.06.25 4:50:25,910;-89;28;-30
2023.06.25 4:50:26,160;-88;27;-32
2023.06.25 4:50:26,410;-84;20;-32
2023.06.25 4:50:26,660;-92;27;-33
2023.06.25 4:50:26,910;-92;22;-32
2023.06.25 4:50:27,160;-88;17;-32
2023.06.25 4:50:27,410;-96;14;-30
2023.06.25 4:50:27,660;-97;12;-33
2023.06.25 4:50:27,910;-115;8;-22
2023.06.25 4:50:28,170;-80;11;-41
2023.06.25 4:50:28,420;-96;6;-33
2023.06.25 4:50:28,670;-99;14;-28
2023.06.25 4:50:28,920;-92;9;-43
2023.06.25 4:50:29,170;-89;-1;-35
2023.06.25 4:50:29,420;-92;0;-38
2023.06.25 4:50:29,670;-83;8;-40
2023.06.25 4:50:29,920;-97;-4;-40
2023.06.25 4:50:30,170;-84;1;-41
2023.06.25 4:50:30,420;-84;-6;-35
2023.06.25 4:50:30,670;-88;-1;-33
2023.06.25 4:50:30,920;-96;-12;-40
2023.06.25 4:50:31,170;-94;-4;-32
2023.06.25 4:50:31,420;-88;-12;-33
2023.06.25 4:50:31,670;-91;-8;-33
2023.06.25 4:50:31,920;-94;-8;-30
2023.06.25 4:50:32,170;-96;-4;-33
2023.06.25 4:50:32,420;-94;-9;-32
2023.06.25 4:50:32,670;-92;-9;-35
2023.06.25 4:50:32,920;-94;-11;-35
2023.06.25 4:50:33,170;-92;-8;-32
2023.06.25 4:50:33,420;-97;-6;-32
2023.06.25 4:50:33,670;-91;-6;-30
2023.06.25 4:50:33,920;-94;-3;-30
2023.06.25 4:50:34,170;-94;-4;-33
2023.06.25 4:50:34,420;-92;-4;-32
2023.06.25 4:50:34,670;-91;-6;-33
2023.06.25 4:50:34,920;-92;-8;-28
2023.06.25 4:50:35,170;-94;-4;-33
2023.06.25 4:50:35,420;-94;-1;-30
2023.06.25 4:50:35,670;-94;-1;-30
2023.06.25 4:50:36,0;-92;-3;-28
2023.06.25 4:50:36,250;-91;-1;-33
2023.06.25 4:50:36,500;-94;-1;-32
2023.06.25 4:50:36,750;-96;3;-35
2023.06.25 4:50:37,0;-89;1;-32
2023.06.25 4:50:37,250;-94;0;-33
2023.06.25 4:50:37,500;-92;6;-30
2023.06.25 4:50:37,750;-92;11;-35
2023.06.25 4:50:38,0;-91;9;-33
2023.06.25 4:50:38,250;-94;22;-32
2023.06.25 4:50:38,500;-92;27;-28
2023.06.25 4:50:38,750;-88;28;-30
2023.06.25 4:50:39,0;-88;33;-36
2023.06.25 4:50:39,250;-92;36;-40
2023.06.25 4:50:39,500;-78;36;-46
2023.06.25 4:50:39,750;-88;38;-35
2023.06.25 4:50:40,0;-80;30;-38
2023.06.25 4:50:40,250;-91;32;-41
2023.06.25 4:50:40,500;-86;32;-41
2023.06.25 4:50:40,750;-72;30;-43
2023.06.25 4:50:41,0;-81;30;-38
2023.06.25 4:50:41,250;-76;35;-59
2023.06.25 4:50:41,500;-73;33;-49
2023.06.25 4:50:41,750;-78;28;-44
2023.06.25 4:50:42,0;-76;35;-56
2023.06.25 4:50:42,250;-80;38;-51
2023.06.25 4:50:42,500;-75;35;-46
2023.06.25 4:50:42,750;-81;38;-48
2023.06.25 4:50:43,20;-60;30;-56
2023.06.25 4:50:43,270;-68;32;-44
2023.06.25 4:50:43,520;-81;27;-40
2023.06.25 4:50:43,770;-73;32;-44
2023.06.25 4:50:44,20;-92;30;-27
2023.06.25 4:50:44,270;-80;35;-43
2023.06.25 4:50:44,520;-88;30;-33
2023.06.25 4:50:44,770;-83;30;-38
2023.06.25 4:50:45,20;-81;24;-40
2023.06.25 4:50:45,270;-84;27;-38
2023.06.25 4:50:45,520;-83;25;-35
2023.06.25 4:50:45,770;-88;30;-35
2023.06.25 4:50:46,20;-88;27;-32
2023.06.25 4:50:46,270;-89;28;-32
2023.06.25 4:50:46,520;-86;35;-36
2023.06.25 4:50:46,770;-86;27;-33
2023.06.25 4:50:47,20;-91;32;-30
2023.06.25 4:50:47,270;-91;30;-35
2023.06.25 4:50:47,520;-92;28;-24
2023.06.25 4:50:47,770;-88;30;-27
2023.06.25 4:50:48,20;-94;22;-24
2023.06.25 4:50:48,270;-89;27;-32
2023.06.25 4:50:48,520;-91;24;-30
2023.06.25 4:50:48,770;-91;24;-28
2023.06.25 4:50:49,20;-92;24;-32
2023.06.25 4:50:49,270;-91;22;-30
2023.06.25 4:50:49,520;-89;25;-30
2023.06.25 4:50:49,770;-94;25;-28
2023.06.25 4:50:50,20;-86;24;-32
2023.06.25 4:50:50,270;-86;19;-28
2023.06.25 4:50:50,520;-88;25;-28
2023.06.25 4:50:50,770;-91;27;-32
2023.06.25 4:50:51,20;-88;25;-32
2023.06.25 4:50:51,270;-91;25;-30
2023.06.25 4:50:51,520;-91;24;-30
2023.06.25 4:50:51,770;-92;27;-30
2023.06.25 4:50:52,20;-96;28;-35
2023.06.25 4:50:52,270;-81;25;-33
2023.06.25 4:50:52,520;-86;25;-32
2023.06.25 4:50:52,770;-91;28;-35
2023.06.25 4:50:53,20;-84;28;-35
2023.06.25 4:50:53,270;-86;27;-38
2023.06.25 4:50:53,520;-78;36;-43
2023.06.25 4:50:53,770;-80;30;-32
2023.06.25 4:50:54,20;-89;40;-49
2023.06.25 4:50:54,270;-80;33;-44
2023.06.25 4:50:54,520;-88;40;-44
2023.06.25 4:50:54,770;-80;30;-49
2023.06.25 4:50:55,20;-78;30;-46
2023.06.25 4:50:55,270;-76;30;-51
2023.06.25 4:50:55,520;-76;27;-48
2023.06.25 4:50:55,770;-83;33;-48
2023.06.25 4:50:56,20;-83;25;-41
2023.06.25 4:50:56,270;-86;33;-40
2023.06.25 4:50:56,520;-81;24;-33
2023.06.25 4:50:56,770;-92;28;-36
2023.06.25 4:50:57,20;-88;27;-32
2023.06.25 4:50:57,270;-84;25;-33
2023.06.25 4:50:57,520;-88;30;-36
2023.06.25 4:50:57,770;-88;33;-30
2023.06.25 4:50:58,20;-86;30;-35
2023.06.25 4:50:58,270;-80;28;-35
2023.06.25 4:50:58,520;-88;24;-32
2023.06.25 4:50:58,770;-89;24;-33
2023.06.25 4:50:59,20;-92;35;-32
2023.06.25 4:50:59,270;-89;20;-28
2023.06.25 4:50:59,520;-89;28;-27
2023.06.25 4:50:59,770;-91;22;-25
2023.06.25 4:51:0,20;-94;24;-32
2023.06.25 4:51:18,880;-89;-22;-33
2023.06.25 4:51:19,130;-89;-22;-36
2023.06.25 4:51:19,380;-91;-24;-35
2023.06.25 4:51:19,630;-89;-24;-33
2023.06.25 4:51:19,880;-94;-28;-33
2023.06.25 4:51:20,130;-89;-24;-33
2023.06.25 4:51:20,380;-89;-25;-35
2023.06.25 4:51:20,630;-91;-24;-36
2023.06.25 4:51:20,880;-94;-27;-38
2023.06.25 4:51:21,130;-88;-27;-35
2023.06.25 4:51:21,380;-89;-22;-36
2023.06.25 4:51:21,630;-88;-25;-33
2023.06.25 4:51:21,880;-88;-25;-33
2023.06.25 4:51:22,130;-88;-27;-36
2023.06.25 4:51:22,380;-92;-24;-32
2023.06.25 4:51:22,630;-92;-24;-32
2023.06.25 4:51:22,880;-91;-22;-30
2023.06.25 4:51:23,130;-92;-20;-30
2023.06.25 4:51:23,380;-94;-22;-32
2023.06.25 4:51:23,630;-96;-35;-22
2023.06.25 4:51:23,880;-94;-22;-27
2023.06.25 4:51:24,130;-92;-17;-28
2023.06.25 4:51:24,380;-91;-22;-28
2023.06.25 4:51:24,630;-88;-20;-28
2023.06.25 4:51:24,880;-88;-24;-27
2023.06.25 4:51:25,130;-88;-16;-28
2023.06.25 4:51:25,380;-89;9;-27
2023.06.25 4:51:25,630;-76;20;-24
2023.06.25 4:51:25,880;-91;25;-33
2023.06.25 4:51:26,130;-94;33;-20
2023.06.25 4:51:26,380;-94;24;-19
2023.06.25 4:51:26,630;-97;24;-16
2023.06.25 4:51:26,880;-89;22;-17
2023.06.25 4:51:27,130;-92;27;-22
2023.06.25 4:51:27,380;-94;28;-22
2023.06.25 4:51:27,630;-91;38;-22
2023.06.25 4:51:27,880;-88;28;-22
2023.06.25 4:51:28,130;-89;35;-22
2023.06.25 4:51:28,380;-91;25;-22
2023.06.25 4:51:28,630;-88;28;-20
2023.06.25 4:51:28,880;-89;28;-22
2023.06.25 4:51:29,130;-88;33;-22
2023.06.25 4:51:29,380;-92;27;-17
2023.06.25 4:51:29,630;-89;33;-20
2023.06.25 4:51:29,880;-91;30;-19
2023.06.25 4:51:30,130;-91;28;-19
2023.06.25 4:51:30,380;-94;32;-22
2023.06.25 4:51:30,630;-89;32;-19
2023.06.25 4:51:30,880;-91;35;-25
2023.06.25 4:51:31,130;-91;27;-19
2023.06.25 4:51:31,380;-91;32;-20
2023.06.25 4:51:31,630;-89;30;-20
2023.06.25 4:51:31,880;-91;32;-20
2023.06.25 4:51:32,210;-91;32;-22
2023.06.25 4:51:32,460;-92;30;-19
2023.06.25 4:51:32,710;-92;33;-19
2023.06.25 4:51:32,960;-89;32;-20
2023.06.25 4:51:33,210;-88;32;-20
2023.06.25 4:51:33,460;-97;28;-19
2023.06.25 4:51:33,710;-89;30;-24
2023.06.25 4:51:33,960;-100;28;-6
2023.06.25 4:51:34,210;-94;24;-27
2023.06.25 4:51:34,460;-94;19;-22
2023.06.25 4:51:34,710;-96;20;-32
2023.06.25 4:51:34,960;-91;9;-27
2023.06.25 4:51:35,210;-91;6;-27
2023.06.25 4:51:35,460;-100;6;-28
2023.06.25 4:51:35,710;-96;0;-35
2023.06.25 4:51:35,960;-92;-4;-27
2023.06.25 4:51:36,210;-94;-1;-28
2023.06.25 4:51:36,460;-94;0;-36
2023.06.25 4:51:36,710;-92;4;-36
2023.06.25 4:51:36,960;-91;8;-40
2023.06.25 4:51:37,210;-96;16;-35
2023.06.25 4:51:37,460;-92;20;-38
2023.06.25 4:51:37,710;-89;14;-36
2023.06.25 4:51:37,960;-96;17;-30
2023.06.25 4:51:38,230;-94;16;-28
2023.06.25 4:51:38,480;-92;20;-25
2023.06.25 4:51:38,730;-97;22;-24
2023.06.25 4:51:38,980;-92;24;-22
2023.06.25 4:51:39,230;-92;20;-24
2023.06.25 4:51:39,480;-94;22;-20
2023.06.25 4:51:39,730;-92;22;-24
2023.06.25 4:51:39,980;-91;19;-19
2023.06.25 4:51:40,230;-96;25;-19
2023.06.25 4:51:40,480;-88;25;-20
2023.06.25 4:51:40,730;-92;25;-22
2023.06.25 4:51:40,980;-96;30;-20
2023.06.25 4:51:41,230;-94;20;-20
2023.06.25 4:51:41,480;-86;27;-20
2023.06.25 4:51:41,730;-92;22;-16
2023.06.25 4:51:41,980;-96;25;-19
2023.06.25 4:51:42,230;-92;22;-19
2023.06.25 4:51:42,480;-94;24;-24
2023.06.25 4:51:42,730;-89;25;-27
2023.06.25 4:51:42,980;-97;25;-22
2023.06.25 4:51:43,230;-94;25;-20
2023.06.25 4:51:43,480;-96;22;-24
2023.06.25 4:51:43,730;-84;32;-28
2023.06.25 4:51:43,980;-94;28;-24
2023.06.25 4:51:44,230;-91;32;-30
2023.06.25 4:51:44,480;-94;30;-25
2023.06.25 4:51:44,730;-89;32;-30
2023.06.25 4:51:44,980;-88;38;-35
2023.06.25 4:51:45,230;-91;41;-33
2023.06.25 4:51:45,480;-83;33;-35
2023.06.25 4:51:45,730;-80;43;-35
2023.06.25 4:51:45,980;-75;33;-33
2023.06.25 4:51:46,230;-91;35;-27
2023.06.25 4:51:46,480;-84;40;-41
2023.06.25 4:51:46,730;-57;44;-48
2023.06.25 4:51:46,980;-91;28;-24
2023.06.25 4:51:47,230;-92;27;-33
2023.06.25 4:51:47,480;-64;44;-41
2023.06.25 4:51:47,730;-97;22;-20
2023.06.25 4:51:47,980;-89;27;-25
2023.06.25 4:51:48,230;-99;28;-17
2023.06.25 4:51:48,480;-86;27;-24
2023.06.25 4:51:48,730;-91;25;-24
2023.06.25 4:51:48,980;-96;27;-27
2023.06.25 4:51:49,230;-92;20;-32
2023.06.25 4:51:49,480;-92;27;-24
2023.06.25 4:51:49,730;-92;24;-25
2023.06.25 4:51:49,980;-91;25;-20
2023.06.25 4:51:50,230;-88;33;-25
2023.06.25 4:51:50,480;-89;30;-19
2023.06.25 4:51:50,730;-96;27;-24
2023.06.25 4:51:50,980;-89;27;-20
2023.06.25 4:51:51,230;-91;25;-24
2023.06.25 4:51:51,480;-91;30;-24
2023.06.25 4:51:51,730;-92;25;-19
2023.06.25 4:51:51,980;-92;30;-20
2023.06.25 4:51:52,230;-92;27;-17
2023.06.25 4:51:52,480;-92;32;-20
2023.06.25 4:51:52,730;-97;28;-17
2023.06.25 4:51:52,980;-89;33;-25
2023.06.25 4:51:53,230;-94;24;-19
2023.06.25 4:51:53,480;-91;32;-25
2023.06.25 4:51:53,730;-91;28;-22
2023.06.25 4:51:53,980;-89;28;-22
2023.06.25 4:51:54,230;-94;28;-20
2023.06.25 4:51:54,480;-91;28;-24
2023.06.25 4:51:54,730;-92;27;-19
2023.06.25 4:51:54,980;-92;30;-22
2023.06.25 4:51:55,230;-91;30;-22
2023.06.25 4:51:55,480;-94;30;-19
2023.06.25 4:51:55,730;-89;27;-19
2023.06.25 4:51:55,980;-94;17;-22
2023.06.25 4:51:56,230;-94;22;-25
2023.06.25 4:51:56,480;-94;14;-25
2023.06.25 4:51:56,730;-89;9;-25
2023.06.25 4:51:56,980;-97;9;-25
2023.06.25 4:51:57,230;-89;6;-32
2023.06.25 4:51:57,480;-92;6;-28
2023.06.25 4:51:57,730;-92;1;-28
2023.06.25 4:51:57,980;-92;11;-27
2023.06.25 4:51:58,230;-91;8;-27
2023.06.25 4:51:58,480;-94;16;-24
2023.06.25 4:51:58,730;-97;19;-20
2023.06.25 4:51:58,980;-99;27;-20
2023.06.25 4:51:59,320;-94;24;-19
2023.06.25 4:51:59,570;-86;24;-16
2023.06.25 4:51:59,820;-92;22;-19
2023.06.25 4:52:0,70;-94;24;-19
2023.06.25 4:52:0,320;-88;22;-20
2023.06.25 4:52:0,570;-91;20;-19
2023.06.25 4:52:0,820;-97;22;-20
2023.06.25 4:52:1,70;-99;32;-20
2023.06.25 4:52:1,320;-99;16;-24
2023.06.25 4:52:1,570;-84;35;-22
2023.06.25 4:52:1,820;-89;17;-19
2023.06.25 4:52:2,70;-91;20;-19
2023.06.25 4:52:2,320;-96;14;-20
2023.06.25 4:52:2,570;-96;19;-25
2023.06.25 4:52:2,820;-97;20;-28
2023.06.25 4:52:3,70;-89;6;-27
2023.06.25 4:52:3,320;-94;6;-25
2023.06.25 4:52:3,570;-89;3;-30
2023.06.25 4:52:3,820;-94;-1;-28
2023.06.25 4:52:4,70;-99;3;-28
2023.06.25 4:52:4,320;-94;4;-30
2023.06.25 4:52:4,570;-96;0;-28
2023.06.25 4:52:4,820;-92;0;-28
2023.06.25 4:52:5,70;-94;-1;-33
2023.06.25 4:52:14,590;-91;3;-22
2023.06.25 4:52:14,840;-91;19;-30
2023.06.25 4:52:15,90;-94;17;-25
2023.06.25 4:52:15,340;-94;22;-25
2023.06.25 4:52:15,590;-96;22;-22
2023.06.25 4:52:15,840;-91;22;-20
2023.06.25 4:52:16,90;-92;27;-19
2023.06.25 4:52:16,340;-91;30;-20
2023.06.25 4:52:16,590;-97;28;-19
2023.06.25 4:52:16,840;-91;33;-22
2023.06.25 4:52:17,90;-91;32;-16
2023.06.25 4:52:17,340;-80;38;-22
2023.06.25 4:52:17,590;-88;44;-24
2023.06.25 4:52:17,840;-92;41;-32
2023.06.25 4:52:18,90;-99;32;-24
2023.06.25 4:52:18,340;-78;46;-16
2023.06.25 4:52:18,590;-97;28;-24
2023.06.25 4:52:18,840;-84;44;-28
2023.06.25 4:52:19,90;-88;20;-22
2023.06.25 4:52:19,340;-91;25;-27
2023.06.25 4:52:19,590;-91;22;-28
2023.06.25 4:52:19,840;-91;24;-30
2023.06.25 4:52:20,90;-89;24;-28
2023.06.25 4:52:20,340;-88;25;-30
2023.06.25 4:52:20,590;-94;28;-25
2023.06.25 4:52:20,840;-89;28;-30
2023.06.25 4:52:21,90;-94;32;-27
2023.06.25 4:52:21,340;-84;32;-32
2023.06.25 4:52:21,590;-80;22;-36
2023.06.25 4:52:21,840;-83;32;-40
2023.06.25 4:52:22,90;-91;43;-36
2023.06.25 4:52:22,340;-94;20;-27
2023.06.25 4:52:22,590;-86;14;-24
2023.06.25 4:52:22,840;-88;30;-33
2023.06.25 4:52:23,90;-89;24;-35
2023.06.25 4:52:23,340;-86;25;-40
2023.06.25 4:52:23,590;-94;32;-44
2023.06.25 4:52:42,440;-92;20;-8
2023.06.25 4:52:42,690;-96;17;-9
2023.06.25 4:52:42,940;-100;28;-14
2023.06.25 4:52:43,190;-97;25;-9
2023.06.25 4:52:43,440;-94;20;-9
2023.06.25 4:52:43,690;-88;36;-24
2023.06.25 4:52:43,940;-99;20;-8
2023.06.25 4:52:44,190;-96;16;-14
2023.06.25 4:52:44,440;-84;19;-11
2023.06.25 4:52:44,690;-97;16;-9
2023.06.25 4:52:44,940;-96;20;-14
2023.06.25 4:52:45,190;-89;20;-16
2023.06.25 4:52:45,440;-91;24;-14
2023.06.25 4:52:45,690;-89;36;-19
2023.06.25 4:52:45,940;-97;35;-17
2023.06.25 4:52:46,190;-81;46;-22
2023.06.25 4:52:46,440;-97;43;-17
2023.06.25 4:52:46,690;-80;41;-22
2023.06.25 4:52:46,940;-84;40;-19
2023.06.25 4:52:47,190;-100;30;-17
2023.06.25 4:52:47,440;-60;54;-33
2023.06.25 4:52:47,690;-97;19;-1
2023.06.25 4:52:47,940;-83;54;-40
2023.06.25 4:52:48,190;-86;43;-27
2023.06.25 4:52:48,440;-83;43;-28
2023.06.25 4:52:48,690;-83;44;-27
2023.06.25 4:52:48,940;-78;41;-24
2023.06.25 4:52:49,190;-80;49;-19
2023.06.25 4:52:49,440;-76;57;-17
2023.06.25 4:52:49,690;-80;70;-17
2023.06.25 4:52:49,940;-76;60;-4
2023.06.25 4:52:50,190;-78;60;-3
2023.06.25 4:52:50,440;-72;68;-4
2023.06.25 4:52:50,690;-68;72;-6
2023.06.25 4:52:50,940;-73;67;-6
2023.06.25 4:52:51,190;-60;70;0
2023.06.25 4:52:51,440;-68;64;1
2023.06.25 4:52:51,690;-81;68;4
2023.06.25 4:52:51,940;-72;60;1
2023.06.25 4:52:52,190;-75;60;-1
2023.06.25 4:52:52,440;-67;64;1
2023.06.25 4:52:52,690;-81;67;-3
2023.06.25 4:52:52,940;-81;57;-4
2023.06.25 4:52:53,190;-78;65;-1
2023.06.25 4:52:53,440;-54;68;-9
2023.06.25 4:52:53,690;-67;81;-17
2023.06.25 4:52:53,940;-80;51;11
2023.06.25 4:52:54,190;-64;75;4
2023.06.25 4:52:54,440;-49;81;8
2023.06.25 4:52:54,690;-80;75;8
2023.06.25 4:52:54,940;-81;83;-8
2023.06.25 4:52:55,190;-62;65;4
2023.06.25 4:52:55,530;-67;72;6
2023.06.25 4:52:55,780;-62;68;0
2023.06.25 4:52:56,30;-78;60;-1
2023.06.25 4:52:56,280;-64;64;-14
2023.06.25 4:52:56,530;-80;62;-11
2023.06.25 4:52:56,780;-78;56;-14
2023.06.25 4:52:57,30;-83;54;-22
2023.06.25 4:52:57,280;-84;54;-28
2023.06.25 4:52:57,530;-88;46;-24
2023.06.25 4:52:57,780;-80;38;-27
2023.06.25 4:52:58,30;-81;40;-28
2023.06.25 4:52:58,280;-86;43;-32
2023.06.25 4:52:58,530;-84;46;-35
2023.06.25 4:52:58,780;-75;32;-33
2023.06.25 4:52:59,30;-83;32;-44
2023.06.25 4:52:59,280;-84;27;-48
2023.06.25 4:52:59,530;-76;35;-52
2023.06.25 4:52:59,780;-94;16;-25
2023.06.25 4:53:0,30;-84;30;-41
2023.06.25 4:53:0,280;-86;12;-35
2023.06.25 4:53:0,530;-84;8;-38
2023.06.25 4:53:0,780;-91;3;-40
2023.06.25 4:53:1,30;-94;-6;-43
2023.06.25 4:53:1,280;-91;0;-40
2023.06.25 4:53:1,530;-94;-9;-41
2023.06.25 4:53:1,780;-80;-6;-46
2023.06.25 4:53:2,30;-80;-14;-44
2023.06.25 4:53:2,280;-88;-19;-38
2023.06.25 4:53:2,540;-91;-12;-43
2023.06.25 4:53:2,790;-91;-6;-38
2023.06.25 4:53:3,40;-92;0;-40
2023.06.25 4:53:3,290;-88;8;-36
2023.06.25 4:53:3,540;-89;11;-40
2023.06.25 4:53:3,790;-89;24;-36
2023.06.25 4:53:4,40;-89;14;-40
2023.06.25 4:53:4,290;-91;14;-44
2023.06.25 4:53:4,540;-91;3;-44
2023.06.25 4:53:4,790;-84;0;-44
2023.06.25 4:53:5,40;-84;3;-36
2023.06.25 4:53:5,290;-80;-1;-36
2023.06.25 4:53:5,540;-81;-4;-38
2023.06.25 4:53:5,790;-76;-3;-48
2023.06.25 4:53:6,50;-86;-1;-46
2023.06.25 4:53:6,300;-84;-1;-62
2023.06.25 4:53:6,550;-88;43;-46
2023.06.25 4:53:6,800;-33;9;-9
2023.06.25 4:53:7,50;-121;17;-56
2023.06.25 4:53:7,300;-83;32;-57
2023.06.25 4:53:7,550;-64;28;-56
2023.06.25 4:53:7,800;-65;16;-41
2023.06.25 4:53:8,50;-91;52;-41
2023.06.25 4:53:8,300;-81;56;-51
2023.06.25 4:53:8,550;-73;56;-44
2023.06.25 4:53:8,800;-73;56;-38
2023.06.25 4:53:9,50;-72;59;-36
2023.06.25 4:53:9,300;-62;57;-41
2023.06.25 4:53:9,550;-65;62;-36
2023.06.25 4:53:9,800;-68;52;-38
2023.06.25 4:53:10,50;-62;60;-44
2023.06.25 4:53:10,300;-70;60;-41
2023.06.25 4:53:10,550;-75;52;-40
2023.06.25 4:53:10,800;-65;52;-48
2023.06.25 4:53:11,50;-76;49;-46
2023.06.25 4:53:11,300;-67;54;-46
2023.06.25 4:53:11,550;-72;57;-44
2023.06.25 4:53:11,800;-62;56;-32
2023.06.25 4:53:12,50;-75;54;-44
2023.06.25 4:53:12,300;-72;60;-52
2023.06.25 4:53:12,550;-80;49;-57
2023.06.25 4:53:12,800;-68;41;-46
2023.06.25 4:53:13,50;-68;40;-57
2023.06.25 4:53:13,300;-76;36;-59
2023.06.25 4:53:13,550;-64;40;-51
2023.06.25 4:53:13,800;-65;46;-64
2023.06.25 4:53:14,50;-73;35;-52
2023.06.25 4:53:14,300;-70;43;-56
2023.06.25 4:53:14,550;-67;46;-64
2023.06.25 4:53:14,800;-65;43;-52
2023.06.25 4:53:15,50;-67;44;-62
2023.06.25 4:53:15,300;-73;41;-57
2023.06.25 4:53:15,550;-70;44;-56
2023.06.25 4:53:15,800;-68;43;-59
2023.06.25 4:53:16,50;-76;40;-54
2023.06.25 4:53:16,300;-68;43;-48
2023.06.25 4:53:16,550;-65;46;-59
2023.06.25 4:53:16,800;-59;52;-54
2023.06.25 4:53:17,50;-67;46;-60
2023.06.25 4:53:17,300;-64;49;-57
2023.06.25 4:53:17,550;-51;49;-60
2023.06.25 4:53:17,800;-64;51;-49
2023.06.25 4:53:18,50;-59;56;-56
2023.06.25 4:53:18,300;-56;52;-52
2023.06.25 4:53:18,550;-64;51;-52
2023.06.25 4:53:18,800;-65;48;-57
2023.06.25 4:53:19,50;-67;40;-57
2023.06.25 4:53:19,300;-57;49;-59
2023.06.25 4:53:19,550;-64;44;-60
2023.06.25 4:53:19,800;-70;38;-64
2023.06.25 4:53:20,50;-76;36;-56
2023.06.25 4:53:20,300;-80;25;-54
2023.06.25 4:53:20,550;-89;24;-40
2023.06.25 4:53:20,800;-83;9;-41
2023.06.25 4:53:21,50;-92;12;-46
2023.06.25 4:53:21,300;-88;1;-40
2023.06.25 4:53:21,550;-88;-1;-36
2023.06.25 4:53:21,800;-96;-1;-36
2023.06.25 4:53:22,50;-91;-1;-40
2023.06.25 4:53:22,300;-94;0;-36
2023.06.25 4:53:22,550;-92;8;-48
2023.06.25 4:53:22,800;-81;12;-41
2023.06.25 4:53:23,50;-99;17;-41
2023.06.25 4:53:23,300;-76;9;-41
2023.06.25 4:53:23,630;-91;11;-38
2023.06.25 4:53:23,880;-70;6;-41
2023.06.25 4:53:24,130;-91;24;-46
2023.06.25 4:53:24,380;-88;11;-46
2023.06.25 4:53:24,630;-88;17;-40
2023.06.25 4:53:24,880;-84;14;-36
2023.06.25 4:53:25,130;-89;22;-38
2023.06.25 4:53:25,380;-89;22;-40
2023.06.25 4:53:25,630;-91;27;-38
2023.06.25 4:53:25,880;-80;32;-36
2023.06.25 4:53:26,130;-78;38;-36
2023.06.25 4:53:26,380;-81;44;-36
2023.06.25 4:53:26,630;-83;48;-44
2023.06.25 4:53:26,880;-83;46;-41
2023.06.25 4:53:27,130;-81;43;-38
2023.06.25 4:53:27,380;-78;38;-40
2023.06.25 4:53:27,630;-84;32;-35
2023.06.25 4:53:27,880;-88;28;-46
2023.06.25 4:53:28,130;-83;30;-48
2023.06.25 4:53:28,380;-88;35;-49
2023.06.25 4:53:28,630;-80;22;-44
2023.06.25 4:53:38,150;-65;51;-59
2023.06.25 4:53:38,400;-73;49;-56
2023.06.25 4:53:38,650;-40;51;-59
2023.06.25 4:53:38,900;-57;41;-65
2023.06.25 4:53:39,150;-60;46;-64
2023.06.25 4:53:39,400;-64;41;-68
2023.06.25 4:53:39,650;-56;44;-70
2023.06.25 4:53:39,900;-51;44;-65
2023.06.25 4:53:40,150;-64;43;-62
2023.06.25 4:53:40,400;-56;41;-67
2023.06.25 4:53:40,650;-62;38;-68
2023.06.25 4:53:40,900;-64;40;-64
2023.06.25 4:53:41,150;-68;36;-57
2023.06.25 4:53:41,400;-62;41;-60
2023.06.25 4:53:41,650;-78;35;-59
2023.06.25 4:53:41,900;-80;35;-54
2023.06.25 4:53:42,150;-62;41;-56
2023.06.25 4:53:42,400;-78;38;-51
2023.06.25 4:53:42,650;-83;35;-49
2023.06.25 4:53:42,900;-70;44;-60
2023.06.25 4:53:43,150;-64;43;-52
2023.06.25 4:53:43,400;-75;35;-57
2023.06.25 4:53:43,650;-57;35;-65
2023.06.25 4:53:43,900;-67;38;-67
2023.06.25 4:53:44,150;-68;40;-60
2023.06.25 4:53:44,400;-64;43;-60
2023.06.25 4:53:44,650;-68;43;-59
2023.06.25 4:53:44,900;-64;46;-65
2023.06.25 4:53:45,150;-67;40;-68
2023.06.25 4:53:45,400;-70;44;-56
2023.06.25 4:53:45,650;-68;33;-56
2023.06.25 4:53:45,900;-64;38;-60
2023.06.25 4:53:46,150;-64;41;-60
2023.06.25 4:53:46,400;-72;41;-57
2023.06.25 4:53:46,650;-72;40;-57
2023.06.25 4:53:46,900;-70;36;-59
2023.06.25 4:53:47,150;-65;40;-51
2023.06.25 4:53:47,400;-75;32;-60
2023.06.25 4:53:47,650;-70;38;-57
2023.06.25 4:53:47,900;-73;33;-52
2023.06.25 4:53:48,150;-67;36;-54
2023.06.25 4:53:48,400;-75;36;-51
2023.06.25 4:53:48,650;-72;38;-56
2023.06.25 4:53:48,900;-70;46;-64
2023.06.25 4:53:49,150;-70;38;-54
2023.06.25 4:53:49,410;-65;38;-59
2023.06.25 4:53:49,660;-70;38;-59
2023.06.25 4:53:49,910;-70;35;-54
2023.06.25 4:53:50,160;-75;38;-62
2023.06.25 4:53:50,410;-64;40;-60
2023.06.25 4:53:50,740;-67;38;-51
2023.06.25 4:53:50,990;-73;46;-60
2023.06.25 4:53:51,240;-64;40;-59
2023.06.25 4:53:51,490;-70;32;-56
2023.06.25 4:53:51,740;-72;46;-59
2023.06.25 4:53:51,990;-65;38;-59
2023.06.25 4:53:52,240;-73;35;-56
2023.06.25 4:53:52,490;-62;41;-57
2023.06.25 4:53:52,740;-73;40;-54
2023.06.25 4:53:52,990;-68;38;-56
2023.06.25 4:53:53,240;-67;40;-59
2023.06.25 4:53:53,490;-70;38;-57
2023.06.25 4:53:53,740;-73;44;-57
2023.06.25 4:53:53,990;-57;40;-64
2023.06.25 4:53:54,240;-78;38;-60
2023.06.25 4:53:54,490;-68;40;-48
2023.06.25 4:53:54,740;-68;44;-64
2023.06.25 4:53:54,990;-70;44;-59
2023.06.25 4:53:55,240;-75;40;-64
2023.06.25 4:53:55,490;-67;43;-54
2023.06.25 4:53:55,740;-65;41;-62
2023.06.25 4:53:55,990;-59;46;-52
2023.06.25 4:53:56,240;-67;46;-54
2023.06.25 4:53:56,490;-72;43;-52
2023.06.25 4:53:56,740;-70;52;-62
2023.06.25 4:53:56,990;-65;43;-57
2023.06.25 4:53:57,240;-75;46;-56
2023.06.25 4:53:57,490;-72;41;-59
2023.06.25 4:53:57,760;-78;38;-52
2023.06.25 4:53:58,10;-78;40;-52
2023.06.25 4:53:58,260;-78;36;-52
2023.06.25 4:53:58,510;-88;30;-49
2023.06.25 4:53:58,760;-81;30;-49
2023.06.25 4:53:59,10;-88;16;-43
2023.06.25 4:53:59,260;-75;12;-41
2023.06.25 4:53:59,510;-76;8;-40
2023.06.25 4:53:59,760;-96;3;-48
2023.06.25 4:54:0,10;-76;14;-54
2023.06.25 4:54:0,260;-96;0;-38
2023.06.25 4:54:0,510;-88;12;-44
2023.06.25 4:54:0,760;-83;14;-38
2023.06.25 4:54:1,10;-88;0;-35
2023.06.25 4:54:1,260;-91;9;-40
2023.06.25 4:54:1,510;-86;-3;-30
2023.06.25 4:54:1,760;-97;-1;-40
2023.06.25 4:54:2,10;-91;4;-38
2023.06.25 4:54:2,260;-86;-1;-38
2023.06.25 4:54:2,510;-97;-6;-35
2023.06.25 4:54:2,760;-89;-4;-33
2023.06.25 4:54:3,10;-96;-8;-36
2023.06.25 4:54:3,260;-96;-4;-36
2023.06.25 4:54:3,510;-89;-4;-40
2023.06.25 4:54:3,760;-92;-4;-35
2023.06.25 4:54:4,10;-89;0;-40
2023.06.25 4:54:4,260;-88;-8;-59
2023.06.25 4:54:4,510;-96;-17;-30
2023.06.25 4:54:4,760;-84;-4;-36
2023.06.25 4:54:5,10;-94;-4;-38
2023.06.25 4:54:5,260;-89;-12;-27
2023.06.25 4:54:5,510;-92;-6;-38
2023.06.25 4:54:5,760;-88;11;-38
2023.06.25 4:54:15,260;-88;8;-38
2023.06.25 4:54:15,510;-92;3;-36
2023.06.25 4:54:15,760;-100;12;-36
2023.06.25 4:54:16,10;-88;0;-28
2023.06.25 4:54:16,260;-94;-6;-41
2023.06.25 4:54:16,510;-91;11;-38
2023.06.25 4:54:16,760;-81;3;-32
2023.06.25 4:54:17,10;-96;-1;-41
2023.06.25 4:54:17,260;-91;1;-35
2023.06.25 4:54:17,510;-89;-12;-38
2023.06.25 4:54:17,760;-96;-3;-40
2023.06.25 4:54:18,10;-96;4;-38
2023.06.25 4:54:18,260;-91;-8;-33
2023.06.25 4:54:18,510;-96;-3;-36
2023.06.25 4:54:18,840;-91;-1;-35
2023.06.25 4:54:19,90;-91;9;-41
2023.06.25 4:54:19,340;-94;14;-35
2023.06.25 4:54:19,590;-94;0;-35
2023.06.25 4:54:19,850;-91;12;-46
2023.06.25 4:54:20,100;-86;-1;-28
2023.06.25 4:54:20,350;-97;8;-33
2023.06.25 4:54:20,600;-92;11;-35
2023.06.25 4:54:20,850;-94;-8;-22
2023.06.25 4:54:21,100;-96;-1;-38
2023.06.25 4:54:21,350;-91;9;-32
2023.06.25 4:54:21,600;-99;-6;-25
2023.06.25 4:54:21,850;-94;4;-35
2023.06.25 4:54:22,100;-94;6;-38
2023.06.25 4:54:22,350;-88;4;-33
2023.06.25 4:54:22,600;-100;0;-30
2023.06.25 4:54:22,850;-91;4;-40
2023.06.25 4:54:23,100;-92;6;-36
2023.06.25 4:54:23,350;-92;6;-28
2023.06.25 4:54:23,600;-92;4;-32
2023.06.25 4:54:23,850;-88;9;-43
2023.06.25 4:54:24,100;-99;0;-27
2023.06.25 4:54:24,350;-78;12;-40
2023.06.25 4:54:33,860;-104;3;-24
2023.06.25 4:54:34,110;-94;25;-33
2023.06.25 4:54:34,360;-97;20;-27
2023.06.25 4:54:34,610;-92;19;-25
2023.06.25 4:54:34,860;-89;20;-32
2023.06.25 4:54:35,110;-91;17;-28
2023.06.25 4:54:35,360;-94;19;-27
2023.06.25 4:54:35,610;-94;24;-28
2023.06.25 4:54:35,860;-89;22;-24
2023.06.25 4:54:36,110;-81;30;-16
2023.06.25 4:54:36,360;-102;41;-14
2023.06.25 4:54:36,610;-97;40;-24
2023.06.25 4:54:36,860;-86;46;-14
2023.06.25 4:54:37,110;-78;38;-16
2023.06.25 4:54:37,360;-96;38;-12
2023.06.25 4:54:37,610;-86;44;-16
2023.06.25 4:54:37,860;-86;48;-19
2023.06.25 4:54:38,120;-78;52;-35
2023.06.25 4:54:38,370;-64;54;-46
2023.06.25 4:54:38,620;-64;38;-41
2023.06.25 4:54:38,870;-62;49;-52
2023.06.25 4:54:39,120;-68;59;-54
2023.06.25 4:54:39,370;-59;52;-60
2023.06.25 4:54:39,620;-67;49;-43
2023.06.25 4:54:39,870;-57;56;-51
2023.06.25 4:54:40,120;-70;48;-52
2023.06.25 4:54:40,370;-60;59;-67
2023.06.25 4:54:40,620;-62;52;-62
2023.06.25 4:54:40,870;-65;52;-57
2023.06.25 4:54:41,120;-57;48;-48
2023.06.25 4:54:41,370;-59;46;-57
2023.06.25 4:54:41,620;-54;54;-64
2023.06.25 4:54:41,870;-59;48;-59
2023.06.25 4:54:42,120;-60;41;-60
2023.06.25 4:54:42,370;-49;49;-60
2023.06.25 4:54:42,620;-65;48;-62
2023.06.25 4:54:42,870;-51;52;-72
2023.06.25 4:54:43,120;-54;51;-68
2023.06.25 4:54:43,370;-59;46;-67
2023.06.25 4:54:43,620;-56;44;-62
2023.06.25 4:54:43,870;-52;46;-70
2023.06.25 4:54:44,120;-52;46;-68
2023.06.25 4:54:44,370;-60;49;-67
2023.06.25 4:54:44,620;-60;43;-62
2023.06.25 4:54:44,870;-57;44;-54
2023.06.25 4:54:45,120;-60;46;-60
2023.06.25 4:54:45,370;-64;43;-57
2023.06.25 4:54:45,620;-60;43;-60
2023.06.25 4:54:45,870;-68;46;-64
2023.06.25 4:54:46,120;-57;52;-59
2023.06.25 4:54:46,370;-64;51;-60
2023.06.25 4:54:46,620;-54;60;-60
2023.06.25 4:54:46,950;-64;43;-62
2023.06.25 4:54:47,200;-57;52;-68
2023.06.25 4:54:47,450;-65;46;-59
2023.06.25 4:54:47,700;-56;48;-67
2023.06.25 4:54:47,950;-54;51;-59
2023.06.25 4:54:48,200;-68;43;-65
2023.06.25 4:54:48,450;-60;44;-57
2023.06.25 4:54:48,700;-65;44;-56
2023.06.25 4:54:48,950;-67;43;-52
2023.06.25 4:54:49,200;-68;49;-57
2023.06.25 4:54:49,450;-65;51;-54
2023.06.25 4:54:49,700;-68;51;-54
2023.06.25 4:54:49,950;-70;40;-62
2023.06.25 4:54:50,200;-54;48;-52
2023.06.25 4:54:50,450;-73;41;-52
2023.06.25 4:54:50,700;-68;41;-67
2023.06.25 4:54:50,950;-72;49;-54
2023.06.25 4:54:51,200;-56;44;-62
2023.06.25 4:54:51,450;-67;49;-62
2023.06.25 4:54:51,700;-54;54;-68
2023.06.25 4:54:51,950;-68;44;-48
2023.06.25 4:54:52,200;-59;49;-70
2023.06.25 4:55:1,720;-92;-6;-38
2023.06.25 4:55:1,970;-92;-4;-41
2023.06.25 4:55:2,220;-91;4;-41
2023.06.25 4:55:2,470;-97;-3;-40
2023.06.25 4:55:2,720;-84;-8;-35
2023.06.25 4:55:2,970;-91;11;-44
2023.06.25 4:55:3,220;-80;-9;-33
2023.06.25 4:55:3,470;-91;-8;-41
2023.06.25 4:55:3,720;-89;-4;-35
2023.06.25 4:55:3,970;-92;-11;-28
2023.06.25 4:55:4,220;-88;-1;-48
2023.06.25 4:55:4,470;-88;-6;-36
2023.06.25 4:55:4,720;-94;-9;-41
2023.06.25 4:55:4,970;-86;3;-44
2023.06.25 4:55:5,220;-96;-9;-41
2023.06.25 4:55:5,470;-99;4;-40
2023.06.25 4:55:5,720;-86;0;-40
2023.06.25 4:55:5,970;-97;0;-46
2023.06.25 4:55:6,220;-92;-1;-35
2023.06.25 4:55:6,470;-92;-3;-38
2023.06.25 4:55:6,720;-92;0;-41
2023.06.25 4:55:6,970;-94;3;-41
2023.06.25 4:55:7,220;-89;3;-43
2023.06.25 4:55:7,470;-89;-3;-38
2023.06.25 4:55:7,720;-91;3;-41
2023.06.25 4:55:7,970;-86;1;-40
2023.06.25 4:55:8,220;-91;-4;-43
2023.06.25 4:55:8,470;-96;9;-44
2023.06.25 4:55:8,720;-86;14;-38
2023.06.25 4:55:8,970;-81;-6;-43
2023.06.25 4:55:9,220;-110;19;-41
2023.06.25 4:55:9,470;-83;-6;-36
2023.06.25 4:55:9,720;-97;-1;-41
2023.06.25 4:55:9,970;-91;0;-35
2023.06.25 4:55:10,220;-94;3;-38
2023.06.25 4:55:10,470;-88;4;-40
2023.06.25 4:55:10,720;-94;0;-43
2023.06.25 4:55:20,310;-84;22;-36
2023.06.25 4:55:20,560;-89;8;-30
2023.06.25 4:55:20,810;-92;12;-36
2023.06.25 4:55:21,70;-88;-3;-33
2023.06.25 4:55:21,320;-89;3;-33
2023.06.25 4:55:21,570;-94;8;-44
2023.06.25 4:55:21,820;-89;-3;-28
2023.06.25 4:55:22,70;-89;1;-28
2023.06.25 4:55:22,320;-91;12;-49
2023.06.25 4:55:22,570;-91;4;-36
2023.06.25 4:55:22,820;-94;-1;-36
2023.06.25 4:55:23,70;-67;6;-70
2023.06.25 4:55:23,320;-94;1;-32
2023.06.25 4:55:23,570;-92;11;-38
2023.06.25 4:55:23,820;-89;8;-36
2023.06.25 4:55:24,70;-91;9;-40
2023.06.25 4:55:24,320;-88;16;-35
2023.06.25 4:55:24,580;-83;25;-28
2023.06.25 4:55:24,830;-84;52;-28
2023.06.25 4:55:25,80;-100;36;-9
2023.06.25 4:55:25,330;-84;51;-17
2023.06.25 4:55:25,580;-83;54;-16
2023.06.25 4:55:25,830;-84;51;-19
2023.06.25 4:55:26,80;-80;46;-12
2023.06.25 4:55:26,330;-75;48;-16
2023.06.25 4:55:26,580;-91;46;-19
2023.06.25 4:55:26,830;-91;44;-17
2023.06.25 4:55:27,80;-96;41;-24
2023.06.25 4:55:27,330;-89;33;-17
2023.06.25 4:55:27,580;-89;35;-30
2023.06.25 4:55:27,830;-83;28;-35
2023.06.25 4:55:28,80;-89;24;-27
2023.06.25 4:55:28,330;-91;27;-27
2023.06.25 4:55:28,580;-89;24;-33
2023.06.25 4:55:28,830;-91;25;-27
2023.06.25 4:55:29,80;-89;24;-24
2023.06.25 4:55:29,330;-91;35;-32
2023.06.25 4:55:29,580;-88;32;-30
2023.06.25 4:55:29,830;-86;30;-32
2023.06.25 4:55:30,80;-88;27;-33
2023.06.25 4:55:30,330;-94;28;-30
2023.06.25 4:55:30,580;-86;27;-33
2023.06.25 4:55:30,830;-91;22;-35
2023.06.25 4:55:31,80;-89;20;-36
2023.06.25 4:55:31,330;-88;16;-35
2023.06.25 4:55:31,580;-88;19;-38
2023.06.25 4:55:31,830;-92;19;-38
2023.06.25 4:55:32,80;-89;20;-38
2023.06.25 4:55:32,330;-89;20;-36
2023.06.25 4:55:32,580;-86;20;-32
2023.06.25 4:55:32,830;-97;25;-44
2023.06.25 4:55:33,80;-78;19;-41
2023.06.25 4:55:33,330;-92;16;-35
2023.06.25 4:55:33,580;-89;20;-38
2023.06.25 4:55:33,830;-91;19;-40
2023.06.25 4:55:34,80;-91;20;-41
2023.06.25 4:55:34,330;-91;20;-38
2023.06.25 4:55:34,580;-86;16;-36
2023.06.25 4:55:34,830;-80;14;-38
2023.06.25 4:55:35,80;-78;12;-56
2023.06.25 4:55:35,330;-65;8;-68
2023.06.25 4:55:35,580;-62;3;-75
2023.06.25 4:55:35,830;-43;3;-108
2023.06.25 4:55:36,80;-19;16;-54
2023.06.25 4:55:36,330;-67;36;-83
2023.06.25 4:55:36,580;-48;11;-92
2023.06.25 4:55:36,830;-54;8;-80
2023.06.25 4:55:37,80;-44;16;-84
2023.06.25 4:55:37,330;-54;11;-78
2023.06.25 4:55:37,580;-51;16;-80
2023.06.25 4:55:37,830;-52;14;-80
2023.06.25 4:55:38,80;-54;19;-83
2023.06.25 4:55:38,330;-54;17;-81
2023.06.25 4:55:38,580;-56;19;-78
2023.06.25 4:55:48,160;-73;48;-46
2023.06.25 4:55:48,410;-68;51;-38
2023.06.25 4:55:48,660;-72;59;-40
2023.06.25 4:55:48,910;-72;51;-41
2023.06.25 4:55:49,180;-73;52;-44
2023.06.25 4:55:49,430;-75;49;-46
2023.06.25 4:55:49,680;-70;51;-43
2023.06.25 4:55:49,930;-68;54;-41
2023.06.25 4:55:50,180;-72;60;-43
2023.06.25 4:55:50,430;-68;46;-49
2023.06.25 4:55:50,680;-68;46;-52
2023.06.25 4:55:50,930;-68;46;-56
2023.06.25 4:55:51,180;-70;38;-56
2023.06.25 4:55:51,430;-68;43;-59
2023.06.25 4:55:51,680;-64;41;-62
2023.06.25 4:55:51,930;-68;40;-57
2023.06.25 4:55:52,180;-91;64;-57
2023.06.25 4:55:52,430;-54;41;-52
2023.06.25 4:55:52,680;-73;40;-52
2023.06.25 4:55:52,930;-72;44;-49
2023.06.25 4:55:53,180;-78;49;-49
2023.06.25 4:55:53,430;-57;36;-48
2023.06.25 4:55:53,680;-75;51;-52
2023.06.25 4:55:53,930;-72;33;-49
2023.06.25 4:55:54,180;-70;38;-49
2023.06.25 4:55:54,430;-75;46;-44
2023.06.25 4:55:54,680;-80;49;-35
2023.06.25 4:55:54,930;-73;56;-32
2023.06.25 4:55:55,180;-76;57;-25
2023.06.25 4:55:55,430;-76;56;-22
2023.06.25 4:55:55,680;-78;54;-25
2023.06.25 4:55:55,930;-83;54;-25
2023.06.25 4:55:56,180;-73;48;-27
2023.06.25 4:55:56,430;-76;52;-28
2023.06.25 4:55:56,680;-81;52;-27
2023.06.25 4:55:56,930;-83;48;-28
2023.06.25 4:55:57,180;-86;48;-25
2023.06.25 4:55:57,430;-76;54;-25
2023.06.25 4:55:57,680;-75;57;-27
2023.06.25 4:55:57,930;-73;62;-24
2023.06.25 4:55:58,180;-75;57;-30
2023.06.25 4:55:58,430;-73;51;-32
2023.06.25 4:55:58,680;-78;48;-32
2023.06.25 4:55:58,930;-81;46;-35
2023.06.25 4:55:59,180;-83;48;-32
2023.06.25 4:55:59,430;-83;48;-28
2023.06.25 4:55:59,680;-78;52;-27
2023.06.25 4:55:59,930;-76;56;-28
2023.06.25 4:56:0,180;-81;48;-30
2023.06.25 4:56:0,430;-72;57;-35
2023.06.25 4:56:0,680;-72;52;-28
2023.06.25 4:56:0,930;-84;49;-33
2023.06.25 4:56:1,180;-72;56;-35
2023.06.25 4:56:1,430;-73;57;-32
2023.06.25 4:56:1,680;-80;56;-33
2023.06.25 4:56:1,930;-72;57;-24
2023.06.25 4:56:2,180;-80;54;-24
2023.06.25 4:56:2,440;-73;57;-22
2023.06.25 4:56:2,690;-75;54;-20
2023.06.25 4:56:2,940;-81;62;-25
2023.06.25 4:56:3,190;-73;62;-20
2023.06.25 4:56:3,440;-70;65;-25
2023.06.25 4:56:3,690;-76;57;-20
2023.06.25 4:56:3,940;-72;60;-22
2023.06.25 4:56:4,190;-76;62;-28
2023.06.25 4:56:4,440;-75;60;-28
2023.06.25 4:56:4,690;-78;52;-22
2023.06.25 4:56:4,940;-75;57;-24
2023.06.25 4:56:5,190;-80;52;-22
2023.06.25 4:56:5,440;-78;59;-19
2023.06.25 4:56:5,690;-78;51;-25
2023.06.25 4:56:5,940;-75;56;-22
2023.06.25 4:56:6,190;-76;54;-28
2023.06.25 4:56:6,440;-76;54;-24
2023.06.25 4:56:25,290;-68;0;-68
2023.06.25 4:56:25,540;-73;-4;-72
2023.06.25 4:56:25,790;-70;-4;-68
2023.06.25 4:56:26,40;-68;-8;-70
2023.06.25 4:56:26,290;-73;-6;-68
2023.06.25 4:56:26,540;-72;-9;-65
2023.06.25 4:56:26,790;-70;-6;-68
2023.06.25 4:56:27,40;-72;-6;-68
2023.06.25 4:56:27,290;-73;-6;-67
2023.06.25 4:56:27,540;-72;-9;-65
2023.06.25 4:56:27,790;-72;-11;-64
2023.06.25 4:56:28,40;-75;-11;-65
2023.06.25 4:56:28,290;-70;-11;-64
2023.06.25 4:56:28,540;-72;-14;-65
2023.06.25 4:56:28,790;-75;-14;-64
2023.06.25 4:56:29,40;-73;-14;-65
2023.06.25 4:56:29,290;-72;-16;-64
2023.06.25 4:56:29,540;-70;-16;-65
2023.06.25 4:56:29,790;-72;-17;-65
2023.06.25 4:56:30,40;-75;-16;-65
2023.06.25 4:56:30,290;-73;-17;-64
2023.06.25 4:56:30,540;-70;-19;-65
2023.06.25 4:56:30,790;-73;-19;-64
2023.06.25 4:56:31,40;-72;-19;-65
2023.06.25 4:56:31,290;-73;-20;-64
2023.06.25 4:56:31,540;-72;-19;-65
2023.06.25 4:56:31,790;-73;-19;-65
2023.06.25 4:56:32,40;-73;-20;-65
2023.06.25 4:56:32,290;-73;-20;-64
2023.06.25 4:56:32,540;-70;-20;-64
2023.06.25 4:56:32,790;-80;-12;-57
2023.06.25 4:56:33,40;-72;-11;-64
2023.06.25 4:56:33,290;-75;-8;-60
2023.06.25 4:56:33,540;-80;-4;-59
2023.06.25 4:56:33,790;-76;-8;-59
2023.06.25 4:56:34,40;-80;-8;-60
2023.06.25 4:56:34,290;-78;-4;-59
2023.06.25 4:56:34,540;-76;-4;-60
2023.06.25 4:56:34,790;-78;-4;-59
2023.06.25 4:56:35,40;-78;-1;-57
2023.06.25 4:56:35,290;-80;0;-59
2023.06.25 4:56:35,540;-76;0;-60
2023.06.25 4:56:35,790;-78;-1;-57
2023.06.25 4:56:36,40;-80;-1;-59
2023.06.25 4:56:36,290;-78;-1;-57
2023.06.25 4:56:36,540;-78;-1;-60
2023.06.25 4:56:36,790;-78;1;-59
2023.06.25 4:56:37,40;-80;-1;-59
2023.06.25 4:56:37,290;-78;-1;-59
2023.06.25 4:56:37,540;-78;-3;-59
2023.06.25 4:56:37,790;-78;-1;-59
2023.06.25 4:56:38,40;-78;0;-59
2023.06.25 4:56:38,370;-75;-1;-60
2023.06.25 4:56:38,620;-80;0;-60
2023.06.25 4:56:38,870;-76;-1;-64
2023.06.25 4:56:39,120;-76;-1;-64
2023.06.25 4:56:39,370;-78;1;-60
2023.06.25 4:56:39,620;-81;1;-57
2023.06.25 4:56:39,870;-76;-1;-60
2023.06.25 4:56:40,120;-78;-3;-56
2023.06.25 4:56:40,370;-76;0;-65
2023.06.25 4:56:40,620;-81;-3;-57
2023.06.25 4:56:40,870;-76;-1;-60
2023.06.25 4:56:41,120;-81;-3;-56
2023.06.25 4:56:41,370;-78;-1;-60
2023.06.25 4:56:41,620;-80;-3;-59
2023.06.25 4:56:41,870;-76;-3;-59
2023.06.25 4:56:42,120;-78;-3;-60
2023.06.25 4:56:42,370;-80;-1;-60
2023.06.25 4:56:42,620;-78;-3;-62
2023.06.25 4:56:42,870;-78;-1;-59
2023.06.25 4:56:43,120;-76;-3;-60
2023.06.25 4:56:43,370;-78;-1;-60
2023.06.25 4:56:43,620;-78;-4;-62
2023.06.25 4:56:43,870;-78;-3;-60
2023.06.25 4:56:44,120;-80;-1;-60
2023.06.25 4:56:44,370;-80;-1;-60
2023.06.25 4:56:44,620;-76;-3;-64
2023.06.25 4:56:44,870;-78;-8;-59
2023.06.25 4:56:45,120;-76;-8;-60
2023.06.25 4:56:45,390;-76;-8;-62
2023.06.25 4:56:45,640;-76;-6;-60
2023.06.25 4:56:45,890;-76;-4;-60
2023.06.25 4:56:46,140;-76;-4;-59
2023.06.25 4:56:46,390;-75;-3;-64
2023.06.25 4:56:46,640;-78;-3;-59
2023.06.25 4:56:46,890;-78;-3;-59
2023.06.25 4:56:47,140;-78;-1;-60
2023.06.25 4:56:47,390;-76;-4;-60
2023.06.25 4:56:47,640;-67;0;-49
2023.06.25 4:56:47,890;-73;9;-49
2023.06.25 4:56:48,140;-78;17;-51
2023.06.25 4:56:48,390;-80;17;-57
2023.06.25 4:56:48,640;-81;33;-52
2023.06.25 4:56:48,890;-80;32;-52
2023.06.25 4:56:49,140;-83;25;-59
2023.06.25 4:56:49,390;-73;20;-52
2023.06.25 4:56:49,640;-76;14;-54
2023.06.25 4:56:49,890;-78;4;-57
2023.06.25 4:56:50,140;-76;8;-62
2023.06.25 4:56:50,390;-75;6;-59
2023.06.25 4:56:50,640;-78;6;-59
2023.06.25 4:56:50,890;-81;1;-65
2023.06.25 4:56:51,140;-81;1;-62
2023.06.25 4:56:51,390;-76;0;-62
2023.06.25 4:56:51,640;-76;-1;-62
2023.06.25 4:56:51,890;-73;-3;-60
2023.06.25 4:56:52,140;-76;-1;-60
2023.06.25 4:56:52,390;-76;0;-62
2023.06.25 4:56:52,640;-76;0;-59
2023.06.25 4:56:52,890;-80;0;-62
2023.06.25 4:56:53,140;-75;3;-57
2023.06.25 4:56:53,390;-81;4;-60
2023.06.25 4:56:53,640;-78;-1;-64
2023.06.25 4:56:53,890;-78;0;-56
2023.06.25 4:56:54,140;-83;3;-56
2023.06.25 4:56:54,390;-76;-1;-54
2023.06.25 4:56:54,640;-76;8;-59
2023.06.25 4:56:54,890;-75;19;-60
2023.06.25 4:56:55,140;-80;22;-49
2023.06.25 4:56:55,390;-78;28;-52
2023.06.25 4:56:55,640;-83;27;-54
2023.06.25 4:56:55,890;-80;28;-49
2023.06.25 4:56:56,140;-80;27;-51
2023.06.25 4:56:56,390;-80;28;-49
2023.06.25 4:56:56,640;-76;32;-52
2023.06.25 4:56:56,890;-78;33;-51
2023.06.25 4:56:57,140;-78;35;-51
2023.06.25 4:56:57,390;-80;35;-48
2023.06.25 4:56:57,640;-78;35;-46
2023.06.25 4:56:57,890;-73;41;-46
2023.06.25 4:56:58,140;-80;43;-44
2023.06.25 4:56:58,390;-78;46;-38
2023.06.25 4:56:58,640;-78;46;-40
2023.06.25 4:56:58,890;-78;49;-36
2023.06.25 4:56:59,140;-78;48;-33
2023.06.25 4:56:59,390;-76;49;-35
2023.06.25 4:56:59,640;-84;46;-38
2023.06.25 4:56:59,890;-86;40;-48
2023.06.25 4:57:0,140;-78;30;-49
2023.06.25 4:57:0,390;-81;22;-46
2023.06.25 4:57:0,640;-80;20;-49
2023.06.25 4:57:0,890;-78;20;-51
2023.06.25 4:57:1,140;-83;17;-49
2023.06.25 4:57:1,390;-81;20;-49
2023.06.25 4:57:1,640;-80;19;-49
2023.06.25 4:57:1,890;-81;16;-52
2023.06.25 4:57:2,140;-81;17;-52
2023.06.25 4:57:30,250;-86;35;-44
2023.06.25 4:57:30,500;-83;38;-46
2023.06.25 4:57:30,750;-78;40;-44
2023.06.25 4:57:31,0;-78;38;-46
2023.06.25 4:57:31,250;-80;33;-43
2023.06.25 4:57:31,500;-81;33;-46
2023.06.25 4:57:31,750;-81;28;-44
2023.06.25 4:57:32,0;-83;33;-46
2023.06.25 4:57:32,250;-83;28;-44
2023.06.25 4:57:32,500;-83;30;-43
2023.06.25 4:57:32,750;-83;30;-44
2023.06.25 4:57:33,0;-83;25;-44
2023.06.25 4:57:33,250;-81;28;-49
2023.06.25 4:57:33,580;-81;25;-46
2023.06.25 4:57:33,830;-83;22;-49
2023.06.25 4:57:34,80;-83;22;-43
2023.06.25 4:57:34,330;-89;25;-54
2023.06.25 4:57:34,580;-84;19;-44
2023.06.25 4:57:34,830;-83;24;-49
2023.06.25 4:57:35,80;-86;22;-44
2023.06.25 4:57:35,330;-81;25;-48
2023.06.25 4:57:35,580;-105;36;-54
2023.06.25 4:57:35,830;-67;36;-32
2023.06.25 4:57:36,80;-94;28;-19
2023.06.25 4:57:36,330;-89;35;-19
2023.06.25 4:57:36,580;-91;28;-14
2023.06.25 4:57:36,830;-89;28;-19
2023.06.25 4:57:37,80;-86;35;-8
2023.06.25 4:57:37,330;-70;38;-14
2023.06.25 4:57:37,580;-92;30;-8
2023.06.25 4:57:37,830;-94;28;-4
2023.06.25 4:57:38,80;-88;30;-4
2023.06.25 4:57:38,330;-94;40;-9
2023.06.25 4:57:38,580;-100;22;-24
2023.06.25 4:57:38,830;-100;35;-11
2023.06.25 4:57:39,80;-72;25;-17
2023.06.25 4:57:39,330;-91;25;-19
2023.06.25 4:57:39,580;-89;30;-28
2023.06.25 4:57:39,830;-33;36;-48
2023.06.25 4:57:40,80;-84;16;-28
2023.06.25 4:57:40,330;-105;35;-24
2023.06.25 4:57:40,600;-94;28;-38
2023.06.25 4:57:40,850;-80;32;-24
2023.06.25 4:57:41,100;-84;28;-20
2023.06.25 4:57:41,350;-86;35;-48
2023.06.25 4:57:41,600;-102;25;-24
2023.06.25 4:57:41,850;-80;25;-27
2023.06.25 4:57:42,100;-91;30;-22
2023.06.25 4:57:42,350;-83;33;-27
2023.06.25 4:57:42,600;-89;41;-40
2023.06.25 4:57:42,850;-83;20;-24
2023.06.25 4:57:43,100;-84;19;-24
2023.06.25 4:57:43,350;-83;38;-41
2023.06.25 4:57:43,600;-80;44;-41
2023.06.25 4:57:43,850;-86;40;-43
2023.06.25 4:57:44,100;-83;40;-28
2023.06.25 4:57:44,350;-86;43;-27
2023.06.25 4:57:44,600;-81;41;-49
2023.06.25 4:57:44,850;-81;46;-51
2023.06.25 4:57:45,100;-83;46;-38
2023.06.25 4:57:45,350;-75;36;-36
2023.06.25 4:57:45,600;-76;33;-33
2023.06.25 4:57:45,850;-72;35;-43
2023.06.25 4:57:46,100;-80;36;-56
2023.06.25 4:57:46,350;-84;36;-51
2023.06.25 4:57:46,600;-62;32;-25
2023.06.25 4:57:46,850;-60;24;-28
2023.06.25 4:57:47,100;-78;32;-43
2023.06.25 4:57:47,350;-86;33;-49
2023.06.25 4:57:47,600;-75;38;-41
2023.06.25 4:57:47,850;-70;43;-46
2023.06.25 4:57:48,100;-76;40;-41
2023.06.25 4:57:48,350;-80;40;-49
2023.06.25 4:57:48,600;-97;36;-30
2023.06.25 4:57:48,850;-65;49;-35
2023.06.25 4:57:49,100;-97;32;-14
2023.06.25 4:57:49,350;-76;36;-38
2023.06.25 4:57:49,600;-83;54;-44
2023.06.25 4:57:49,850;-80;44;-32
2023.06.25 4:57:50,100;-83;43;-41
2023.06.25 4:57:50,350;-84;46;-40
2023.06.25 4:57:50,600;-99;38;-41
2023.06.25 4:57:50,850;-88;40;-33
2023.06.25 4:57:51,100;-89;43;-46
2023.06.25 4:57:51,350;-75;44;-36
2023.06.25 4:57:51,600;-75;44;-46
2023.06.25 4:57:51,850;-80;41;-54
2023.06.25 4:57:52,100;-62;41;-49
2023.06.25 4:57:52,350;-68;41;-48
2023.06.25 4:57:52,600;-78;36;-49
2023.06.25 4:57:52,850;-80;49;-51
2023.06.25 4:57:53,100;-59;43;-49
2023.06.25 4:57:53,350;-72;33;-48
2023.06.25 4:57:53,600;-78;38;-51
2023.06.25 4:57:53,850;-78;40;-62
2023.06.25 4:57:54,100;-60;38;-52
2023.06.25 4:57:54,350;-81;38;-62
2023.06.25 4:57:54,600;-68;33;-54
2023.06.25 4:57:54,850;-81;33;-48
2023.06.25 4:57:55,100;-68;35;-56
2023.06.25 4:57:55,350;-67;36;-60
2023.06.25 4:57:55,600;-83;40;-51
2023.06.25 4:57:55,850;-80;41;-49
2023.06.25 4:57:56,100;-72;40;-46
2023.06.25 4:57:56,350;-76;44;-38
2023.06.25 4:57:56,600;-81;36;-25
2023.06.25 4:57:56,850;-92;40;-35
2023.06.25 4:57:57,100;-81;36;-22
2023.06.25 4:57:57,350;-81;36;-16
2023.06.25 4:57:57,600;-86;22;-12
2023.06.25 4:57:57,850;-89;40;-17
2023.06.25 4:57:58,100;-88;43;-24
2023.06.25 4:57:58,350;-91;36;-3
2023.06.25 4:57:58,600;-81;52;-22
2023.06.25 4:57:58,850;-80;51;-9
2023.06.25 4:57:59,100;-83;56;-8
2023.06.25 4:57:59,350;-78;62;-16
2023.06.25 4:57:59,600;-81;64;-11
2023.06.25 4:57:59,850;-80;60;-14
2023.06.25 4:58:0,100;-73;57;-14
2023.06.25 4:58:0,350;-72;56;-20
2023.06.25 4:58:0,600;-78;51;-16
2023.06.25 4:58:0,850;-73;60;-19
2023.06.25 4:58:1,100;-76;60;-24
2023.06.25 4:58:1,350;-78;57;-22
2023.06.25 4:58:1,690;-89;59;-17
2023.06.25 4:58:1,940;-83;46;-8
2023.06.25 4:58:2,190;-89;52;-17
2023.06.25 4:58:2,440;-81;46;-14
2023.06.25 4:58:2,690;-86;43;-14
2023.06.25 4:58:2,940;-83;43;-17
2023.06.25 4:58:3,190;-96;36;-14
2023.06.25 4:58:3,440;-80;41;-6
2023.06.25 4:58:3,690;-88;41;-6
2023.06.25 4:58:3,940;-89;40;-6
2023.06.25 4:58:4,190;-91;43;-16
2023.06.25 4:58:4,440;-89;36;-19
2023.06.25 4:58:4,690;-80;43;-19
2023.06.25 4:58:4,940;-81;41;-22
2023.06.25 4:58:5,190;-88;40;-12
2023.06.25 4:58:5,440;-104;43;-8
2023.06.25 4:58:5,690;-80;52;-11
2023.06.25 4:58:5,940;-105;46;12
2023.06.25 4:58:6,190;-76;44;9
2023.06.25 4:58:6,440;-86;46;8
2023.06.25 4:58:6,690;-86;49;4
2023.06.25 4:58:6,940;-89;44;-6
2023.06.25 4:58:7,190;-78;43;-17
2023.06.25 4:58:7,440;-91;41;-17
2023.06.25 4:58:7,690;-80;49;-19
2023.06.25 4:58:7,940;-88;49;-17
2023.06.25 4:58:8,190;-91;51;-25
2023.06.25 4:58:8,440;-99;22;-12
2023.06.25 4:58:8,700;-94;24;-35
2023.06.25 4:58:8,950;-92;11;-32
2023.06.25 4:58:9,200;-96;3;-25
2023.06.25 4:58:9,450;-105;11;-17
2023.06.25 4:58:9,700;-97;17;-16
2023.06.25 4:58:9,950;-94;19;-19
2023.06.25 4:58:10,200;-94;19;-22
2023.06.25 4:58:10,450;-94;19;-22
2023.06.25 4:58:10,700;-94;19;-22
2023.06.25 4:58:10,950;-94;19;-20
2023.06.25 4:58:11,200;-94;17;-22
2023.06.25 4:58:11,450;-94;17;-20
2023.06.25 4:58:11,700;-94;16;-20
2023.06.25 4:58:11,950;-96;17;-20
2023.06.25 4:58:12,210;-96;19;-20
2023.06.25 4:58:12,460;-97;19;-22
2023.06.25 4:58:12,710;-94;17;-19
2023.06.25 4:58:12,960;-96;19;-19
2023.06.25 4:58:13,210;-94;17;-20
2023.06.25 4:58:13,460;-96;16;-19
2023.06.25 4:58:13,710;-96;14;-17
2023.06.25 4:58:13,960;-96;16;-19
2023.06.25 4:58:14,210;-97;11;-19
2023.06.25 4:58:14,460;-97;12;-19
2023.06.25 4:58:14,710;-94;9;-22
2023.06.25 4:58:14,960;-97;12;-20
2023.06.25 4:58:15,210;-97;9;-22
2023.06.25 4:58:15,460;-96;11;-20
2023.06.25 4:58:15,710;-96;9;-20
2023.06.25 4:58:15,960;-94;11;-20
2023.06.25 4:58:16,210;-96;11;-20
2023.06.25 4:58:16,460;-96;9;-22
2023.06.25 4:58:25,960;-92;35;-24
2023.06.25 4:58:26,210;-88;35;-22
2023.06.25 4:58:26,460;-89;32;-19
2023.06.25 4:58:26,710;-88;33;-20
2023.06.25 4:58:26,960;-89;38;-19
2023.06.25 4:58:27,210;-89;40;-17
2023.06.25 4:58:27,460;-88;38;-17
2023.06.25 4:58:27,710;-89;43;-14
2023.06.25 4:58:27,960;-80;41;-17
2023.06.25 4:58:28,210;-84;54;-19
2023.06.25 4:58:28,460;-80;51;-11
2023.06.25 4:58:28,710;-76;56;-14
2023.06.25 4:58:28,960;-78;59;-8
2023.06.25 4:58:29,210;-81;60;-9
2023.06.25 4:58:29,460;-76;57;-9
2023.06.25 4:58:29,790;-78;60;-9
2023.06.25 4:58:30,40;-81;56;-8
2023.06.25 4:58:30,290;-81;57;-9
2023.06.25 4:58:30,540;-80;56;-9
2023.06.25 4:58:30,790;-80;57;-9
2023.06.25 4:58:31,40;-81;56;-11
2023.06.25 4:58:31,290;-81;54;-8
2023.06.25 4:58:31,540;-83;54;-8
2023.06.25 4:58:31,790;-81;56;-9
2023.06.25 4:58:32,40;-81;54;-9
2023.06.25 4:58:32,290;-80;52;-8
2023.06.25 4:58:32,540;-81;54;-8
2023.06.25 4:58:32,790;-81;54;-6
2023.06.25 4:58:33,40;-84;54;-8
2023.06.25 4:58:33,290;-89;57;-8
2023.06.25 4:58:33,540;-83;57;-8
2023.06.25 4:58:33,790;-84;54;-3
2023.06.25 4:58:34,40;-78;41;-11
2023.06.25 4:58:34,290;-83;41;-14
2023.06.25 4:58:34,540;-84;41;-14
2023.06.25 4:58:34,790;-86;44;-12
2023.06.25 4:58:35,40;-76;56;-4
2023.06.25 4:58:53,810;-89;17;1
2023.06.25 4:58:54,60;-78;40;-9
2023.06.25 4:58:54,310;-94;49;-24
2023.06.25 4:58:54,560;-99;54;-3
2023.06.25 4:58:54,810;-84;41;-19
2023.06.25 4:58:55,60;-86;33;-12
2023.06.25 4:58:55,310;-102;48;-30
2023.06.25 4:58:55,560;-91;44;-4
2023.06.25 4:58:55,810;-73;22;-14
2023.06.25 4:58:56,60;-86;24;-6
2023.06.25 4:58:56,310;-104;48;-19
2023.06.25 4:58:56,570;-94;48;1
2023.06.25 4:58:56,820;-81;36;-1
2023.06.25 4:58:57,70;-81;19;-3
2023.06.25 4:58:57,320;-99;25;-12
2023.06.25 4:58:57,570;-91;32;12
2023.06.25 4:58:57,900;-89;27;-24
2023.06.25 4:58:58,150;-92;36;-28
2023.06.25 4:58:58,400;-86;-44;0
2023.06.25 4:58:58,650;-94;28;-12
2023.06.25 4:58:58,900;-88;28;-24
2023.06.25 4:58:59,150;-91;32;-27
2023.06.25 4:58:59,400;-91;30;-12
2023.06.25 4:58:59,650;-89;49;-14
2023.06.25 4:58:59,900;-81;36;-22
2023.06.25 4:59:0,150;-92;28;-30
2023.06.25 4:59:0,400;-76;24;-8
2023.06.25 4:59:0,650;-94;54;-12
2023.06.25 4:59:0,900;-91;36;-22
2023.06.25 4:59:1,150;-100;56;-22
2023.06.25 4:59:1,400;-91;44;-27
2023.06.25 4:59:1,650;-94;28;-16
2023.06.25 4:59:1,900;-92;36;-20
2023.06.25 4:59:2,150;-88;35;-25
2023.06.25 4:59:2,400;-88;33;-27
2023.06.25 4:59:2,650;-88;43;-28
2023.06.25 4:59:2,900;-91;40;-14
2023.06.25 4:59:3,150;-91;33;-11
2023.06.25 4:59:3,400;-89;30;-14
2023.06.25 4:59:3,650;-86;38;-20
2023.06.25 4:59:3,910;-97;48;-19
2023.06.25 4:59:4,160;-89;49;-16
2023.06.25 4:59:4,410;-99;56;-11
2023.06.25 4:59:4,660;-86;40;-20
2023.06.25 4:59:4,910;-84;38;-25
2023.06.25 4:59:5,160;-89;27;-14
2023.06.25 4:59:5,410;-89;20;-6
2023.06.25 4:59:5,660;-100;28;-8
2023.06.25 4:59:5,910;-96;35;-17
2023.06.25 4:59:6,160;-84;24;-12
2023.06.25 4:59:6,410;-96;22;-6
2023.06.25 4:59:6,660;-96;25;-9
2023.06.25 4:59:6,910;-99;25;-16
2023.06.25 4:59:7,160;-91;25;-17
2023.06.25 4:59:7,420;-94;32;-19
2023.06.25 4:59:7,670;-102;33;-12
2023.06.25 4:59:7,920;-83;28;-24
2023.06.25 4:59:8,170;-89;35;-30
2023.06.25 4:59:8,420;-96;32;-24
2023.06.25 4:59:8,670;-80;35;-25
2023.06.25 4:59:8,920;-94;32;-22
2023.06.25 4:59:9,170;-86;32;-20
2023.06.25 4:59:9,420;-89;30;-19
2023.06.25 4:59:9,670;-99;24;-14
2023.06.25 4:59:9,920;-88;43;-32
2023.06.25 4:59:10,170;-96;25;-19
2023.06.25 4:59:10,420;-89;27;-22
2023.06.25 4:59:10,670;-92;36;-22
2023.06.25 4:59:10,920;-94;24;-8
2023.06.25 4:59:11,170;-86;36;-25
2023.06.25 4:59:11,420;-94;30;-17
2023.06.25 4:59:11,670;-94;36;-19
2023.06.25 4:59:11,920;-92;33;-17
2023.06.25 4:59:12,170;-94;33;-14
